1.0
8.702432126028723e-06
2.3284259327738255e-05
5.784307995782e-05
0.0012297780349399543
0.04644477323017781
0.24987472791690377
0.43052612245082855
0.29434873326681554
0.07272196479607375
0.03512974735349417
0.06343896116595715
0.03609523363411427
0.004298478830605746
0.0013649152824655175
0.0009410079874214716
0.000494988176797051
0.00029345197981456295
0.00043027743959100917
0.0004781876486958936
0.00034271364711457863
0.00019108134983980563
9.370515545015225e-05
0.0001705798549664905
0.0007946252735564484
0.0023765678197378293
0.003315659618237987
0.0020576392125803977
0.0005799903774459382
0.0001603438367965282
5.994263744923956e-05
1.5036980670402048e-05
3.182037630722334e-06
4.111467063694363e-06
6.560444091974205e-06
7.746801315988705e-06
8.05234458312043e-06
8.140944828483043e-06
7.331445544878079e-06
5.88106888699258e-06
4.623029099093401e-06
4.039435566483007e-06
3.7542664585998864e-06
3.11811299980036e-06
2.501004587429634e-06
2.431924428947241e-06
2.5307365376647795e-06
2.384898834861815e-06
2.3374107627205376e-06
2.873235928291251e-06
3.999274269972375e-06
5.033740421822586e-06
5.72977808133146e-06
6.715376912325155e-06
7.618653626195737e-06
7.955608680276782e-06
9.289464969697292e-06
1.2290119002500433e-05
1.2903200968139572e-05
1.07437961105461e-05
1.670462052061339e-05
5.151885102350206e-05
0.00022002459536452076
0.0015986458820407277
0.01057895441772416
0.040814016945660114
0.08045209664851427
0.08882541302591562
0.09464554861187935
0.20945444237440825
0.4250858388841152
0.4957811012864113
0.3079410782083869
0.09484153718221934
0.012949125052728053
0.0005291469193480226
1.2497017408463764e-05
1.3775589806641621e-06
6.273097312714526e-07
1.4224935043216647e-06
1.943036238571949e-06
1.4087502933080032e-06
5.946120174016301e-07
1.5962525345969428e-07
4.962610322678529e-08
8.257322647864385e-08
1.4558218275340096e-07
5.931536257719472e-07
1.316862109135286e-05
4.671547438306334e-05
9.87829698715359e-05
0.0001619714548724005
0.0001782575018296484
0.00011059759845011287
3.31555509660575e-05
4.496635725104171e-06
1.6996631586607691e-06
1.3580986674810445e-05
8.729632492077143e-05
0.00015026382243377157
9.219727940035229e-05
2.0211837465922148e-05
5.5923763966347914e-06
4.31468134820534e-06
6.062395868866588e-06
7.226751563393918e-06
6.467165235335415e-06
4.531981176114641e-06
2.8363136834741454e-06
2.018719897023402e-06
1.6221333396515547e-06
1.25294938868592e-06
1.2274699372483155e-06
1.8755798549818792e-06
2.684139673192476e-06
2.708716635879682e-06
2.019975397615781e-06
1.4149930223084084e-06
1.2828768092276732e-06
1.488294770979337e-06
1.7002357139972446e-06
1.6301827088227583e-06
1.2824064299366e-06
1.0269629058257124e-06
1.122541419817935e-06
1.3601366219972988e-06
1.4894367268425412e-06
1.4314489362732274e-06
1.1073326504629222e-06
7.200377467597718e-07
6.097964444506943e-07
1.0335438958009036e-06
2.523899638617877e-06
4.746445142700395e-06
5.807451657346974e-06
7.218287919386057e-06
1.7135557868641627e-05
4.344423973634548e-05
7.829776950529777e-05
0.00011983641707047354
0.0002418150997982593
0.0004662623832700774
0.0006481867894763127
0.0006562322232639417
0.00045850415517634246
0.00019510915535647658
7.303305392269976e-05
5.5102873830037424e-05
2.887239884330484e-05
7.813244565113564e-06
2.7672156420521784e-05
0.0005242859235750075
0.004090776186785661
0.008179242693586275
0.007095011998899282
0.0035737065481953327
0.0011092649865531714
7.05473812558921e-05
9.921772198140388e-05
0.0005229644339124206
0.0016641103429719806
0.00995409462484531
0.1415191144333221
0.4072554800659418
0.4846852719783783
0.2754870061762631
0.07013770593039227
0.005105419477331453
0.0003397648006284726
0.00011059342978114729
3.532573828124441e-05
9.176468120131175e-05
0.0004809512747669941
0.0014445859123952687
0.0023480852541979402
0.0021921897132415324
0.0011946457598241977
0.0003711257540999214
6.973868926252182e-05
1.4066142909996417e-05
4.0550568769504025e-06
2.5609153908590088e-06
2.641767935074313e-06
3.4713585250756296e-06
4.2458490270291804e-06
4.151603775426338e-06
3.758202183234971e-06
3.1105907964956714e-06
2.1121705344739894e-06
1.3445342830209484e-06
9.667545981528747e-07
7.982085890034796e-07
7.007710820516877e-07
6.56485582339883e-07
7.016832626050018e-07
1.0197040438697513e-06
1.7351696612877276e-06
2.3496259586863744e-06
2.4533143232474686e-06
2.755726313807827e-06
3.3824311458374723e-06
3.251706402807031e-06
2.790742939851043e-06
3.2159114198293537e-06
4.779656364917173e-06
6.820029966547736e-06
7.473187338291609e-06
7.067263368298882e-06
7.910083127171674e-06
9.179715107165975e-06
1.0061660987048526e-05
1.1793157000283827e-05
1.2402114407450426e-05
1.1581985745579004e-05
1.6661838571963017e-05
6.280205229813873e-05
0.0005299952536006458
0.0027683614680427127
0.006271075137192383
0.0093258295673877
0.016254014102742076
0.053496836684644215
0.2320215422660112
0.5461018718779087
0.6460483968257904
0.3845205511897803
0.10358289297437297
0.009013383933051957
0.0005956891495770834
3.084327681790455e-05
9.598008773537003e-06
7.347515293076867e-06
6.398287155207072e-06
4.112776252895856e-06
2.7877692900801776e-06
2.7470128429740726e-06
1.767416769382635e-06
5.487271721449362e-07
1.436284122746656e-07
4.5280808080860874e-07
1.0290367391974085e-05
0.00017909237348590065
0.0004525695339907543
0.00045992891682544723
0.00027965471235802397
0.00015803036467332277
6.0861508131893074e-05
7.617568314799429e-06
4.633403477782849e-06
2.7019678952910905e-05
0.00013074498997411865
0.00026305032770324033
0.0002532645103201503
0.0001309160616074223
4.7118686779867864e-05
2.0976932546545868e-05
1.3536415735870833e-05
9.47256330618984e-06
6.527565801661694e-06
5.929117605774081e-06
7.971395916683832e-06
1.0311770893167704e-05
1.0427256256662076e-05
9.161197340290528e-06
8.419272830906266e-06
7.314209597097943e-06
5.340874508874549e-06
3.380053215096268e-06
2.0243565188593493e-06
1.480733175185378e-06
1.3464383812333836e-06
1.2379106522075745e-06
1.1828494734800188e-06
1.2701725040642486e-06
1.4791518481160892e-06
1.7571158537066367e-06
1.992702522102263e-06
2.1377074403972074e-06
2.3628293206456874e-06
2.6436421194375725e-06
2.9554490197369887e-06
3.622161727889761e-06
3.96506544575459e-06
3.2255599649033684e-06
2.9535261205637653e-06
6.112511925948638e-06
2.0775090092683968e-05
5.968547338852659e-05
0.0001006087550194934
8.914951740734978e-05
4.0679655739950256e-05
1.6795114333945094e-05
0.00011087736811532521
0.0026423919275657677
0.010348544150474481
0.018336910288780928
0.017230617231689394
0.008575148705858737
0.0023330944095505406
0.0006417619079002179
0.0003120855617453344
0.0006768934763385914
0.0038674840543535534
0.015350582660175858
0.10062747099436818
0.3304115701466799
0.4659437760710716
0.29712656140327454
0.08555329509545119
0.01403266786655877
0.0016784794242994396
0.0002694453542062547
0.00020983945069019683
0.0004898888619209174
0.0011017821816494688
0.002137897434295155
0.0026147351891268045
0.0016857098162290642
0.0005828111752634869
0.0001920851100294385
8.383947442780482e-05
2.688146105356282e-05
8.38128573832364e-06
3.925261978565686e-06
1.712046767465836e-06
8.212744120328352e-07
7.753569519763914e-07
9.321653493543636e-07
1.1040323784072825e-06
1.4300617010576389e-06
2.0373223037495336e-06
2.6692978849496285e-06
2.924347825228324e-06
2.889155894081341e-06
3.356855074798659e-06
4.354880786650028e-06
4.426581540428742e-06
3.3994859904851182e-06
2.756035826223524e-06
3.136095983791165e-06
4.0712586155677855e-06
5.255402470538684e-06
7.3896842422982445e-06
1.3811066423841112e-05
3.183092348990613e-05
5.545843896470615e-05
6.344803387037246e-05
4.856362556893146e-05
2.661501457623672e-05
1.4661239220004063e-05
1.0489532428437087e-05
7.171744528022828e-06
5.020117328058404e-06
4.507972448664077e-06
5.882204959561932e-06
8.353354246537492e-06
1.3204681181377964e-05
2.1752865677626687e-05
2.7930504529649625e-05
2.9471553716575727e-05
4.253178803992341e-05
8.38591104184161e-05
0.00019981491277576424
0.0007927556762297171
0.004027453309390694
0.01765487639931962
0.036142891738563776
0.03709908947348595
0.021665554610081017
0.008910160104278475
0.004346629837527871
0.005517675599548966
0.013574495911598206
0.04988632700406014
0.140633306466043
0.22545237839221954
0.21012910082936287
0.11899117520079018
0.03964763320982457
0.007481101085431875
0.0025176224298775196
0.0017381428624503314
0.0010224543511867523
0.0005523570653167553
0.00036321988227427937
0.00023181102369562723
0.00015409378829644993
8.715746389498236e-05
3.4087152585016156e-05
9.39059935944897e-06
2.948308221562002e-06
8.943486449197736e-07
3.1044651294109826e-07
1.4463549824483835e-07
8.84902853215408e-08
7.68072290213695e-08
8.369348414305477e-08
1.0353675428120823e-07
1.5806866393575092e-07
2.1962961227472988e-07
2.252305115746367e-07
1.9384359362106807e-07
1.9060850320329337e-07
2.2522809217662143e-07
2.577405560089119e-07
2.5875721121337847e-07
2.8075157842977205e-07
5.008073742374108e-07
1.1027524564610758e-06
2.2072557328556286e-06
4.339579390943982e-06
7.483032732125139e-06
9.655333542468725e-06
9.82078813649423e-06
1.0315363397239707e-05
1.4485668543784413e-05
2.5330459493488888e-05
4.762015987580526e-05
0.00012850637722294778
0.0005273465721984394
0.0016264759105979465
0.003519755002344027
0.005722014117054641
0.011850219452753663
0.030677610076963898
0.04575536912307143
0.036430050153285265
0.022129268385469913
0.0337720294483006
0.22278618998825547
0.5964177567511797
0.7793938219547272
0.569007869809866
0.21568846143782142
0.02893252103058331
0.0010515061112528203
2.1474392667641954e-05
4.1541932063182685e-06
1.2033562413193979e-06
3.4659688452620685e-07
3.131046213411537e-07
2.842523798562979e-07
1.8359372333520696e-07
1.0702585306887613e-07
6.711316746788043e-08
4.0540970136504484e-08
2.2047268899427763e-08
2.8890188463748242e-08
8.255544123869639e-07
1.7792305778030478e-05
8.319396295064507e-05
0.00018401501438347623
0.0002269001488457434
0.00017272410150326323
8.988683066490921e-05
3.062653729557496e-05
5.087975154083325e-06
1.6810358260954672e-06
3.3432389443532884e-06
5.369631139728881e-06
5.523341769730905e-06
5.321455319062807e-06
5.522669539459457e-06
4.844601107834023e-06
4.209149210510077e-06
4.5673338036067435e-06
5.359537226468092e-06
5.740132564824307e-06
5.71383816350135e-06
6.036945478626876e-06
6.114359507591871e-06
5.365883794183901e-06
4.366883615603001e-06
3.761724087780749e-06
3.7826469565516163e-06
3.995283805124927e-06
4.047205379720253e-06
3.5743124158216233e-06
2.520629976743294e-06
1.6755627143538732e-06
1.666005601919096e-06
3.069344472805824e-06
6.5390130998821405e-06
1.262907187538076e-05
1.7808135680752457e-05
1.515210112756904e-05
7.600525862017094e-06
3.702445440012525e-06
3.88284996688526e-06
5.1051884497610445e-06
5.278672858821665e-06
3.7787152109558524e-06
2.3985299435480556e-06
2.4049894022937224e-06
3.323513737996109e-06
4.813417604054848e-06
7.774577170494013e-06
1.1322457339701941e-05
1.4624095911131008e-05
1.9764467651839368e-05
2.365503769397037e-05
2.42574569710996e-05
2.7977908757748082e-05
3.296803924968117e-05
3.254308012401452e-05
4.297512441553408e-05
8.284577324957354e-05
0.00011833175813080743
0.00010934489182545803
8.950924711825792e-05
0.00012025156320305541
0.00018790287867886946
0.00021331958123482764
0.00022038678071112372
0.0004556998392217792
0.0012323297196417116
0.0030604832572862506
0.005656312394421548
0.008918125415220857
0.01155499485321343
0.009632256638724357
0.005136607913300395
0.006973250361625104
0.02360927511472255
0.05589225282892585
0.07549457717686892
0.05651381798088551
0.024194794357754294
0.0066812174627557406
0.0014569162376574243
0.0003933568086722517
7.912642809060345e-05
1.7557420278535574e-05
1.2098801789761637e-05
1.6318673033310915e-05
1.6576935195189435e-05
1.2058134416292887e-05
1.2001281902485061e-05
1.8245953924633795e-05
2.2678804725728696e-05
2.204008342232555e-05
2.2844285922474228e-05
2.7352662073099054e-05
4.009571011920343e-05
5.621855234494433e-05
4.9797724386735354e-05
2.5978361009038057e-05
1.1742943115677917e-05
9.668318398325937e-06
1.0480602441020892e-05
1.1256918241997482e-05
1.8692610638026963e-05
2.79712753581407e-05
2.3176076410891255e-05
1.1294609635115195e-05
1.1169929393872735e-05
3.387002163890429e-05
6.554243964274065e-05
8.479344978695735e-05
9.291388778365217e-05
9.016650437843055e-05
8.319612970808521e-05
0.00013292522271513008
0.00032719287446525414
0.00048471348418388516
0.0003586615712265484
0.00016383144247811288
0.00024452729121549055
0.0005516570890904404
0.0007392006664304063
0.0008242268086178228
0.0016360361623810604
0.005400389316491783
0.06318882352206856
0.31108998600393534
0.5601185783743858
0.4310033973306418
0.1344698096145294
0.011606365202169401
0.00023238152152771363
0.0001123708943850943
1.7910064116222205e-05
1.1738921330106677e-05
3.90656739455153e-05
0.00013535128891817294
0.00027325734663463663
0.00032276500132866204
0.000251984951319173
0.00014528061092278222
6.130661995484843e-05
1.763585828484793e-05
4.86829736701111e-06
2.73456791433091e-06
1.8870386782054993e-06
1.5385741960471933e-06
1.4564410406592287e-06
1.0150081024562496e-06
5.100977915617477e-07
4.65538526839282e-07
9.887713900980089e-07
1.9827176629405585e-06
3.1593352218806103e-06
4.61179661215283e-06
6.292996999945899e-06
8.179282417586364e-06
1.1235246574869961e-05
1.5144725011850824e-05
1.8670664758246858e-05
2.0595772184606176e-05
1.9675544081110274e-05
1.7059620631698635e-05
1.4069496501178946e-05
1.1818609664260293e-05
1.0938985496977693e-05
9.805602530832402e-06
8.238883765443461e-06
7.457368724317348e-06
7.006085525063099e-06
6.435800628423749e-06
6.33362890312128e-06
6.659743462478218e-06
7.69046471305046e-06
8.987251135295082e-06
8.628614068584284e-06
7.114866207302839e-06
6.345290216813737e-06
6.839235652478237e-06
9.080987751985958e-06
1.3762792377747246e-05
1.9233809780416777e-05
2.206119233960635e-05
2.1450268832268193e-05
1.8227746522825328e-05
1.292864010338235e-05
8.119224730762653e-06
7.767267447889026e-06
2.9257549158501203e-05
0.0004607980947639589
0.009018636295877512
0.054121899098390706
0.13139928132295609
0.15093408152461052
0.08561503607779743
0.02674065926112235
0.009711361839435995
0.006298055173829198
0.007703713490627706
0.02732726861722767
0.08795858453959227
0.17895120941102505
0.20310143008828163
0.11873749596998097
0.03541406354634091
0.006563696006196553
0.0002172026834159624
4.4822772451880155e-05
2.4591716623945103e-05
1.0950270052489943e-05
3.8438530509665725e-06
3.280311375419842e-06
3.809354780059948e-06
4.092827111890074e-06
4.267270014679525e-06
4.3621462282317225e-06
4.217851085286384e-06
3.3626614026616153e-06
2.0367122601783194e-06
1.3290939193666418e-06
1.2613240301106998e-06
1.1821504557474327e-06
9.441127559739471e-07
1.0925333953082372e-06
2.2926534910538976e-06
4.8254075295517396e-06
7.425628837154363e-06
8.310780685860664e-06
7.90386457083514e-06
7.3588555551395984e-06
7.013208573880547e-06
6.588175324395706e-06
5.66054859518772e-06
5.0761631200657575e-06
6.501591201413248e-06
9.018094260682119e-06
9.955134373740293e-06
8.635369681542215e-06
6.53249594506633e-06
5.301768283061392e-06
5.680538151864312e-06
8.340357680935995e-06
1.1120250292151468e-05
1.1610777846726705e-05
1.31609547224798e-05
2.1295291844580788e-05
5.491597903528599e-05
0.00022499299939227055
0.0009333529233117587
0.0029911703895777464
0.007648962899111211
0.012183716869913042
0.010533856984693557
0.004869124357355759
0.0017725094803608956
0.0015363471175078303
0.00477185909403488
0.012778906559105963
0.018654972780495882
0.023961990606039762
0.037939086090773344
0.047099013812839985
0.038784961681813
0.02544434880837798
0.020795552991330624
0.02864917227998376
0.03529095044359565
0.02681620721705258
0.013281149789690973
0.004750404812511989
0.0011100029005319811
0.0003813641014858149
0.00017133724668383368
5.315765463365097e-05
1.2146212156949334e-05
2.727854337081226e-06
1.4040989242403157e-06
9.214160385795367e-07
5.360534416354312e-07
4.369786736901915e-07
9.208721749587311e-07
2.264318737843496e-06
5.546414172385994e-06
9.935141974892758e-06
1.2324609997449443e-05
1.2511064369391534e-05
1.2511718978203135e-05
1.1195533033969696e-05
6.471650991102252e-06
1.889554688716544e-06
3.75888124182211e-07
2.416867488364005e-07
2.8744501534561095e-07
3.7239574623981753e-07
6.155180116707015e-07
1.7883354530567883e-06
7.108727430704675e-06
2.4949408611973922e-05
4.7337198793684365e-05
4.596597182171536e-05
2.52640827511641e-05
1.2907461041322676e-05
1.0633789770508884e-05
1.0494467005628394e-05
1.0990391501763952e-05
1.2680805411946494e-05
1.8892696516559226e-05
2.9370363790803822e-05
4.386995715321973e-05
8.627014540252276e-05
0.0001480400733271381
0.00015733445980004035
0.00011165485557285137
8.978804362413939e-05
8.613939189672237e-05
5.15600463586452e-05
2.554178900027182e-05
5.63325033908768e-05
0.00020420057444425763
0.00147859959906782
0.006432012043660506
0.011545204906724393
0.009881121281068772
0.004724994709249586
0.0020399857312440872
0.0013756531552644446
0.0008759198462939822
0.0009140002657659351
0.06595851101883453
0.3389129434362985
0.5325718447566032
0.3203792963176966
0.07284190700738692
0.011813559802249076
0.0006646748406637926
0.00033095256003434775
7.748992447886849e-05
5.2469988077064045e-05
7.45486477171653e-05
0.00012433771553332917
0.00011428654033807106
5.024984648116516e-05
1.1558499124930678e-05
3.4393518717479314e-06
1.964981436231028e-06
1.2671793143681498e-06
9.003103542681856e-07
6.430017336356286e-07
4.315476331839818e-07
4.050993496207411e-07
6.664192682137582e-07
1.1733524871715417e-06
2.0468145009999716e-06
2.9435610144901148e-06
3.096928935519827e-06
3.1127044621825917e-06
4.707794289515732e-06
8.479801977046009e-06
1.2852537793150987e-05
1.532977648821543e-05
1.4685464520880487e-05
1.2287581057535135e-05
9.981742323361686e-06
8.209434099626378e-06
7.83072800913942e-06
9.119083188124932e-06
1.0041537507277098e-05
9.68130871115136e-06
9.535680192129803e-06
1.1930509799640276e-05
1.9626864059318905e-05
3.815674426732585e-05
7.153039223339874e-05
0.0001040539955283748
0.00011946459017053712
0.00018062509116134606
0.0007806418470863717
0.0035998745879624035
0.01600440382026136
0.037263094214722514
0.06649901624768972
0.15717375464737415
0.33631864190101624
0.4814486876130104
0.40384175814688206
0.1655034476425499
0.024180551503377504
0.002590514698340485
7.55857915919478e-05
2.042023472981214e-06
1.191957750279471e-07
7.5852867098547e-08
6.06049783691276e-08
2.987057401426796e-08
1.7767324056450207e-08
5.6250527347145856e-08
4.658784023447992e-06
8.803904646725867e-05
0.0003308195778117806
0.001029318584187422
0.0015429407503688708
0.0010214193316642195
0.00040722225821809843
0.0001863157699517615
4.583566538940432e-05
7.910587896731158e-06
3.446499761139421e-06
5.596419214271009e-06
9.858428938969155e-06
1.3899216128265834e-05
1.4837713479209924e-05
1.2704318351097754e-05
1.1262469570283429e-05
1.1713877256624983e-05
1.242632970388513e-05
1.250306786459987e-05
1.1065766784668085e-05
8.237174142777803e-06
6.449809347941482e-06
7.891326276876498e-06
1.113501105010073e-05
1.353855350316735e-05
1.527531685496797e-05
1.6566188605793286e-05
1.8904012449638685e-05
2.583675814094022e-05
3.678977418530849e-05
4.0169157273339806e-05
3.0508385407301834e-05
2.2476392132375622e-05
2.1718995867558988e-05
2.0876157122984296e-05
1.8108856693288544e-05
1.6066100670286687e-05
1.7014007426041644e-05
2.079359319395735e-05
2.233876011814573e-05
1.7622094446778647e-05
1.1667190165098873e-05
1.0525829338803305e-05
1.650424451327126e-05
2.745911024248926e-05
4.261308640707284e-05
7.116668712114915e-05
0.00010430740258016158
0.00015782927948748693
0.00024239981394202914
0.0003230193324270658
0.0004859918262809515
0.0006265451520448551
0.0005292252317303792
0.00041606360900914297
0.0004512984451139346
0.0008617110797786153
0.00280822318745777
0.006797044537961483
0.01082008599769324
0.011653691763058305
0.009653075598180294
0.013854444026947021
0.02862371108494699
0.041515450924634933
0.040284163784235716
0.029890898149460554
0.02289342600852251
0.017460422939620912
0.008474742819089442
0.002136838844307931
0.0004308566421968863
9.213775956595784e-05
5.514451186172664e-05
3.921893176084268e-05
2.3667068035138072e-05
1.9680843706737505e-05
1.8639991139934864e-05
1.4413198755391932e-05
9.982383517126436e-06
1.2174471180514956e-05
1.7839270640251925e-05
1.935153250087751e-05
1.7530951936350903e-05
1.4640372910434962e-05
1.4585432381863939e-05
1.6172477899090154e-05
1.3913411748944782e-05
9.576745242156903e-06
7.01985834439256e-06
5.837258527208178e-06
4.230343620292842e-06
2.5747247889285063e-06
1.845393910571147e-06
1.976826780492047e-06
2.9656524702659226e-06
4.58937842040541e-06
5.416755811893381e-06
5.213011263549561e-06
4.8000769083955674e-06
4.027956151730905e-06
3.435098221871158e-06
3.7108627566340147e-06
4.579786661906837e-06
5.901949066355883e-06
7.94209938703716e-06
1.3567332416641875e-05
3.683472027660173e-05
0.00031542718079435866
0.001532766504169558
0.006144691025838255
0.05335830675903707
0.3122185571119189
0.7031570263206959
0.7319289296865463
0.369761270005256
0.08232197543838994
0.005315022463491915
0.00022779061833944075
6.139902751556293e-06
2.4205481850003707e-06
3.463324532049228e-06
4.920253104501171e-06
7.467084515155875e-06
8.804818321550556e-06
6.075953876916174e-06
3.1437228358299762e-06
3.005575706538366e-06
2.425827364049837e-05
8.397201747811778e-05
0.00012298474757699296
0.0001522773745818995
0.00017681591634755023
0.00011135836757603103
3.512130433591665e-05
1.2045340781696725e-05
1.1821121916000264e-05
0.0003788907117723283
0.0013375373455346562
0.001953598781256005
0.00154834748536814
0.0008976365497801454
0.0005998000415274873
0.0004909877170575783
0.0004911651194561273
0.0005341693613445386
0.00044524637633003294
0.00027980417871731333
0.00019865739159286022
0.0002102439248119481
0.00023522033006884158
0.00024702263544895686
0.0002546577816247009
0.00023833582599763758
0.00023035948106553406
0.00034683056219364516
0.0005887486768187955
0.0007871680718380958
0.0008001391979632899
0.0006327270093606785
0.00044407003588275984
0.00033019629336195067
0.00024207515161833726
0.00017242514149984345
0.00016634935309411958
0.00023979537218110636
0.00040812096631270833
0.0006385931119439192
0.0009509852097835392
0.0011932479828828946
0.0010996910714311525
0.0008699675090610981
0.0007391555700451136
0.0007688302430324256
0.0008440978417638689
0.000662959097098792
0.0003514361087582074
0.00039098546039895155
0.0013647610321640968
0.003225984110031277
0.005823609651997685
0.010475512011907995
0.013309116940945387
0.009158464206848294
0.003273105932748877
0.0008019470369617921
0.0002654083800734952
0.00015442192488990258
8.00616035121493e-05
2.7534068294698958e-05
1.2066734598192852e-05
2.1462414451889344e-05
0.00016872965397851655
0.0015523203974225905
0.004781806259416044
0.005925709061557427
0.0039332794840447605
0.003089076984906569
0.0027675906021613628
0.0015532215038547292
0.0007323349709622562
0.00043980939517496154
0.00040082214400172234
0.00036038657708559185
0.00021231980281299914
9.905068509397097e-05
8.547470497433096e-05
0.00011131211067549884
0.0001268708783754846
0.00010532932719797827
6.23407408966159e-05
2.5523359681756123e-05
1.2310712463659002e-05
2.8082965172870896e-05
9.007500602820073e-05
0.00015566330512228888
0.00013785612736683106
7.497834303649142e-05
4.713389898824971e-05
3.717039908224251e-05
2.4571834728703834e-05
1.736997705847898e-05
1.3260447076390847e-05
9.831225156631263e-06
8.41433120513102e-06
8.430943353232578e-06
8.109438567771576e-06
7.037764589767903e-06
5.046077092174528e-06
3.4566780868772184e-06
3.2295501455337217e-06
4.466794507607119e-06
1.1130410712212324e-05
3.134863618470263e-05
7.024880369499442e-05
0.00011795071623055264
0.0001342564410151681
0.00010465654122526757
7.567283319076523e-05
6.879029569972772e-05
6.775910878786817e-05
0.00010517088776396122
0.00024347274484171066
0.0004184577919659205
0.0006407978216884658
0.0010203312122030184
0.0013793471443932503
0.0015732662286609411
0.001587034435942769
0.0018894729437306523
0.0032054694020189345
0.005128379969391972
0.012028902303427458
0.07396253454498947
0.18013161653652787
0.20071150548756123
0.11823625350371005
0.03765700434450992
0.0055535948631586516
0.0007940399373183028
0.0003352707517478848
0.00013866141580365368
3.2938099593593506e-05
1.3195588280723315e-05
5.148592663317686e-06
1.9472611256787786e-06
1.0130171119726583e-06
7.073666665746714e-07
4.867250353868258e-07
2.8817498076705306e-07
1.4906787448865089e-07
7.695699189014249e-08
4.1355169955181736e-08
2.5670925829501812e-08
2.7505479671674493e-08
5.1561641178921036e-08
1.1245724262920476e-07
2.8405781726803525e-07
1.0780558596934497e-06
6.595560009259315e-06
2.1235519170659245e-05
3.9656791614106623e-05
5.45136144864955e-05
6.70466797600966e-05
7.480433851014823e-05
8.098987382254563e-05
0.00010283337724104058
0.00011634676047833636
8.65205083755427e-05
4.360142384030041e-05
2.1055379875178915e-05
1.3717834463022882e-05
1.1084033758379519e-05
8.44804128519172e-06
7.0853780016477685e-06
1.025290987399785e-05
1.8698920257520513e-05
3.745803178389906e-05
9.237557605956681e-05
0.00016998484170471784
0.00021479397764778696
0.00023716478972346522
0.000284345314867096
0.00027034393315261696
0.00013229795831648516
2.2259161994497848e-05
2.5492051918263314e-06
2.0479133297612858e-05
0.0002466160116227911
0.0018170174571423556
0.005927281468757428
0.011235110461711884
0.01385083794593811
0.011372634209692478
0.006091094692237676
0.002214528649346903
0.02635660156374797
0.28554704671842046
0.6120968703180552
0.4817808140069247
0.14077396022912583
0.011933499830774965
0.001208190806210041
0.0009080107047338971
0.000782622693805024
0.001208986075653229
0.0013935862225480378
0.0014684587076772004
0.0013549291616072878
0.0007985874581208919
0.00027726380449166754
7.48178922549414e-05
2.8587207907548876e-05
1.543745133858465e-05
9.984369171434082e-06
8.03443913355295e-06
8.209390898628044e-06
8.59005706388416e-06
8.978385267255362e-06
1.1294947512396902e-05
1.453817094443366e-05
1.9467568563413806e-05
2.677452539501246e-05
2.9489942789950874e-05
2.5805602035688935e-05
2.18918021346326e-05
1.85405795036786e-05
1.5575496945530176e-05
1.4690861462440807e-05
1.5403932593471836e-05
1.6136258864207775e-05
1.6432702523161424e-05
2.043453650912852e-05
3.0754747058381326e-05
5.051294283475727e-05
8.277401957457187e-05
0.00019386125131859444
0.0007987949065864085
0.002798676949169021
0.007267745211720467
0.013614489696919918
0.01821875129826367
0.01931403251364827
0.020753782708197832
0.055031903553754084
0.21224085474386808
0.5092865042388439
0.6535378322005272
0.4217949802987278
0.11588329698133751
0.0068550217849860946
0.00013952321224763867
2.1285527544989695e-06
1.9596337708094325e-07
1.3167313639428357e-07
1.0279208328967115e-07
6.793809959049213e-08
5.206789932543643e-08
4.6315296930998784e-08
3.591764752286508e-08
7.490354336781024e-08
1.3539172991627877e-06
1.9088641106890233e-05
0.00023721904722151518
0.0005324878984538373
0.0004894860176136717
0.0002706678533286322
0.00013108823168295203
4.675750483329467e-05
1.1603877396737518e-05
5.919205023019458e-06
1.84923520691882e-05
3.6516571753963945e-05
4.104075378563721e-05
2.930999198724749e-05
1.57749591380707e-05
8.913843657865073e-06
7.732870699328487e-06
9.938662969943834e-06
1.6316188293785672e-05
3.675663288049691e-05
8.056045271587209e-05
0.00014044811723579187
0.00017942072008736432
0.00014787695636186982
7.18601463631785e-05
2.358307551730832e-05
9.778390449355356e-06
6.5865997385117225e-06
7.459544121957151e-06
9.354626627100515e-06
1.052627021635999e-05
1.1692431371557177e-05
1.46576157931122e-05
2.033517807831231e-05
2.539225852160598e-05
2.5822254428931046e-05
2.4476905764458934e-05
2.4534308977308683e-05
2.3540038910141448e-05
1.95715872450819e-05
1.5676468592573656e-05
1.592362218616472e-05
1.7697614566714037e-05
1.879038700280944e-05
2.460584937580279e-05
3.1989046874514315e-05
3.040783940377878e-05
2.7226324164075777e-05
4.218934464006452e-05
9.261021841666661e-05
0.00016644512470520567
0.00022214598357095383
0.00030360815799213015
0.0007713948944001459
0.0030116907000774513
0.011657634779112414
0.02646162803284824
0.034689759369939566
0.029946691822260618
0.02331645041704178
0.030032507609575987
0.058173042722046375
0.10875468980520964
0.13494784757494926
0.09319526795297861
0.03783977380953729
0.013929618988186123
0.005960400972981006
0.0025211128522641957
0.0008969516529759859
0.00030249861811171286
0.00015203383918560576
0.0001111276205847389
6.860045323264785e-05
4.096141765330685e-05
3.2085360544442665e-05
2.4315007976838388e-05
1.4939798802515726e-05
7.578183840450948e-06
3.0773829848840255e-06
1.191510008879959e-06
8.480018891532382e-07
1.0203968514588269e-06
1.2683215118158842e-06
1.618907816691717e-06
1.9698020139458094e-06
2.1860175820620498e-06
2.5180138436553534e-06
3.2508335152670043e-06
5.374991019380104e-06
9.632526712266554e-06
1.3495322718881653e-05
1.3988379805596196e-05
1.1956293064940837e-05
9.963152933778474e-06
8.385679393541068e-06
8.410613872911199e-06
1.3411638065008447e-05
2.0361241922728368e-05
2.2180435735208448e-05
1.9818556665995857e-05
1.745007079989591e-05
1.6096493254735833e-05
1.644967210268078e-05
1.8138215182261774e-05
2.1822804228577297e-05
3.072457320740796e-05
4.622565529643907e-05
6.47085753371357e-05
7.93268427514704e-05
9.974644672183786e-05
0.00015755658387206495
0.00018188204739999492
0.00010194557489739965
3.306730923213763e-05
6.259263955143979e-05
0.00027578977369557833
0.0016642782247799912
0.00849786982871592
0.018599990173242986
0.022767084185034037
0.025436903350055218
0.0243561917450279
0.0121148195466958
0.004052178235724568
0.07338371890364213
0.31365811463911086
0.46869152039289474
0.28922783583402634
0.07355795917101206
0.012464140512747692
0.002182223623094615
0.0005451646575238556
0.0007204998328234069
0.0016373028192901984
0.002019456878770143
0.001461711071897298
0.0007651587220607325
0.0003112783879259951
8.131894014695719e-05
1.767644425854087e-05
8.231754236476263e-06
6.684386107735918e-06
6.2666900930707925e-06
7.008303100519697e-06
8.593941515755432e-06
1.0096638106915634e-05
1.2658072364502004e-05
1.586879284332099e-05
1.6852548014867352e-05
1.8358658508077497e-05
2.2627766611549305e-05
2.2645034732704517e-05
1.716257156658685e-05
1.3770172245131107e-05
1.733584940666333e-05
2.7234983008384006e-05
3.715530783665599e-05
3.768066926568281e-05
2.7155753059560084e-05
1.535598039481556e-05
8.974185902843601e-06
8.782753866398707e-06
1.3382634733716259e-05
1.6543112906219903e-05
1.4431232102651848e-05
1.0401775739410368e-05
8.804271374174277e-06
1.940534264122107e-05
9.089551940633099e-05
0.0005142984718986554
0.002832936479535419
0.01219696257612668
0.03456024103797972
0.059214549139142036
0.061089375987648964
0.056183988228440285
0.14284763112664223
0.36783255636692047
0.5475108027458191
0.448875242844224
0.18130195123376328
0.026253914529661422
0.0008702220676468644
1.8445970628278022e-05
9.083285643640695e-07
1.5211314519092412e-07
1.4694350447541638e-07
1.3652566011046474e-07
8.607946178074144e-08
5.3792669874042076e-08
1.4874178155821483e-07
2.207287510103128e-06
2.2236855002688568e-05
0.00012209015449116123
0.00029284818265296053
0.0003746838847291656
0.00027479662912810454
0.00011960192568949425
4.380541508908209e-05
1.634522699589525e-05
1.241701383492e-06
4.0526610689539666e-07
1.1536850053062153e-06
2.539671299928159e-06
4.173531465312408e-06
6.473143571383844e-06
9.07070568700874e-06
1.0794893569254782e-05
1.2618983646461857e-05
1.5126616517591174e-05
1.716233145998558e-05
1.6695690419510356e-05
1.2822651342503377e-05
9.611940186005086e-06
1.0294298135704594e-05
1.2149208032496972e-05
1.2418182450346649e-05
1.1814820709332707e-05
1.0596941592666553e-05
9.148822300630854e-06
9.592049764250987e-06
1.0831938197952695e-05
1.1112609399788198e-05
1.1164677744091023e-05
1.0960491863443167e-05
1.1041139032386127e-05
1.298040479014162e-05
1.850121748248057e-05
3.192456642864272e-05
5.351458912628004e-05
7.558870674984064e-05
0.0001107324642362073
0.00017440730334783439
0.00024413572828052565
0.00035097141517326236
0.0008210529558709823
0.002688442007638514
0.0053865365334786475
0.005453680059872568
0.002959531062515453
0.0018075129482895136
0.0024964029144030064
0.003277949523180723
0.00333786808187142
0.0037158430204726756
0.006161452969536185
0.009735873551107943
0.017900785664096475
0.04122713068500161
0.06900474801659584
0.0682102320715785
0.04038777505047619
0.0170217992272228
0.006292250036494807
0.0016057554348662963
0.00022370077454070275
2.0072386632818965e-05
1.0139812502529821e-05
8.378625352634117e-06
6.481168611571775e-06
4.622886763172573e-06
3.1787982948117133e-06
2.17642966049425e-06
1.577025074084304e-06
1.4438658411108918e-06
1.5693304078467918e-06
2.5794854536798084e-06
4.446713546712999e-06
5.5015519819789915e-06
5.538205527955142e-06
5.329151463229209e-06
4.794154619958135e-06
4.292862740840064e-06
3.945688433759642e-06
3.852304871543311e-06
4.6231803594309895e-06
5.357160375751846e-06
5.064797619525052e-06
4.369771659185062e-06
3.9002055700620986e-06
3.7031853139524173e-06
3.2249162131847697e-06
2.7214261422159325e-06
3.011166825217515e-06
4.051627456647111e-06
1.3045648586285095e-05
3.642730985120579e-05
6.655902507191058e-05
8.970647650130559e-05
9.735316962178331e-05
0.00010561578710621689
0.00012557487389130984
0.0001574539601278957
0.00023850651268730871
0.00032728844234952703
0.00032151587947737426
0.00031652664620196447
0.0008483484198222867
0.0018511573216528632
0.0023315201979130507
0.0022205302375368774
0.0021471084910444915
0.002205633616540581
0.002036043908447027
0.0015447697951458395
0.0010561730014160275
0.0007251959468703717
0.0006081541941966861
0.0005314709051162936
0.0003530833673721645
0.0002630811941344291
0.000311998028337257
0.0003318360722914804
0.00022769566021452195
0.00010673100496205735
7.508387534471694e-05
0.00012862174571637297
0.00025052486853383016
0.0003340069597470574
0.00026002261802204885
0.00012491677898651687
6.184333506098483e-05
8.110757607937558e-05
0.00011986697973043192
0.00011127687139378395
7.110397154974635e-05
3.626971010817215e-05
1.9625374079623725e-05
2.0445491827558726e-05
2.7779947686212836e-05
3.7213738323771395e-05
4.115574665775057e-05
3.6009765608469024e-05
2.8274500891711796e-05
2.0587897779478226e-05
1.5519612361458712e-05
1.1858781363116577e-05
6.048633622413036e-06
2.1518703761103097e-06
2.4594208980488474e-06
8.877351092451136e-06
3.147976588024903e-05
6.619407940888777e-05
8.472784975310788e-05
7.901052413217258e-05
8.090126721072011e-05
0.00010550887418503407
0.00012038246495649219
0.00011981462375842966
0.00012198338663438335
0.00011779757187468931
0.00010881403613893781
0.00010630396536726039
0.00016939854685915634
0.0003565166061889613
0.0007260150232468732
0.0023676485143369064
0.006945460248971358
0.011788305244408548
0.01913741952739656
0.07645410718396306
0.21202966291457415
0.2751496359705925
0.17143443319946527
0.05661791027523578
0.015297829115297647
0.00441035907715559
0.0023183600860647857
0.0012883773597422987
0.0006626847680308856
0.0003446937116677873
0.00016455893455713522
7.886755906838516e-05
2.921276268352813e-05
7.026453971548109e-06
2.564330628729295e-06
1.158605215323405e-06
7.076420978080478e-07
3.398598877879522e-07
2.8318650535652523e-07
6.149289220047649e-07
5.153768128707269e-06
3.524944281707576e-05
9.505415118837846e-05
0.00013226007831690367
0.00013880832921131514
0.00017231207675649785
0.0001993958248931449
0.00014994503999332665
7.147556380004971e-05
2.943772233265918e-05
1.5374605936813168e-05
9.752498044690583e-06
1.0895686955336714e-05
2.229215624538483e-05
4.6087170630926266e-05
9.155255338555435e-05
0.00016165952365554404
0.0002599245672172401
0.0004732220149890054
0.0006335813959594816
0.0004576277933665552
0.00018593979257275353
7.549079691671068e-05
5.594936556008179e-05
5.448713818623219e-05
5.2066754506086e-05
6.383935306075728e-05
8.886395335139241e-05
0.00011421946510381531
0.00011651269051071722
7.873641152400523e-05
3.594835925468942e-05
2.453997058182722e-05
5.854021674167597e-05
0.0004404114488352206
0.0023199088936962653
0.008373873308300972
0.016221303609199822
0.0202036015689373
0.020680056419223547
0.016718982602469623
0.009190580225549638
0.011449707322753966
0.15180430712644008
0.3338128486648202
0.2567827720195055
0.07711072600795889
0.011868802655953916
0.0011919297430722509
0.000460364974969707
0.00015499985784117598
0.0002396230293015833
0.0003714039994520135
0.0004582924229907803
0.0003846095714834519
0.00018378584081801821
5.8095153690374e-05
3.163568044328713e-05
2.9400800940493355e-05
3.0378370411199285e-05
3.146928338537691e-05
2.744810126387165e-05
1.7990842934523243e-05
9.789849059416156e-06
6.917444807186257e-06
6.387973485288967e-06
5.465100116452959e-06
5.489237423716986e-06
8.076501103460032e-06
1.3356005524656211e-05
1.8067919199893367e-05
2.0056832909176592e-05
2.7624912945611868e-05
4.149340793446754e-05
4.204515880701365e-05
2.5837360681180147e-05
1.2199469210827374e-05
9.53850258156308e-06
1.302528903579514e-05
1.5985683603503276e-05
1.567126355439541e-05
1.444165968678135e-05
1.3339198176254285e-05
1.3903324315833743e-05
2.1161924451007508e-05
4.7867419652902754e-05
0.00012873285595560446
0.0003917241483577527
0.0016924594310694372
0.009421409500646405
0.02676372032146901
0.05382010620087385
0.08522242773324251
0.11309672705829144
0.1979892160743475
0.38427767157554626
0.4889022558927536
0.3471110314130783
0.1270024689147249
0.021088486997541626
0.0015649327623350477
2.633828887610435e-05
1.8500944705124314e-06
4.524114487480802e-07
2.641320833163263e-07
1.4496773914629557e-07
6.898184157222431e-08
1.5206302172998676e-07
1.4914016412959084e-06
1.7811977762960396e-05
9.910221217523939e-05
0.00041420003071834793
0.0007672037681913935
0.000655228468531277
0.00029450920555973426
0.00010414445296191845
3.173749445295471e-05
3.0258348431289055e-06
1.2936121152051783e-06
4.39000891105934e-06
1.142808599752243e-05
1.9963128352173953e-05
3.455544174357783e-05
9.673741351434728e-05
0.0003371851898918976
0.00099980935556232
0.0018163317581638694
0.0018483754101907834
0.0010783505495055579
0.00040785050350677926
0.00011609823332037196
2.9885832191212106e-05
2.6849249024962774e-05
3.168880630255444e-05
3.3389386317139724e-05
3.002631274284795e-05
2.592404825918493e-05
2.429857886454556e-05
2.5530034235998755e-05
3.335756264277734e-05
4.71128864774073e-05
4.7583639570802916e-05
3.07527075165126e-05
1.999676032937714e-05
2.037900594586972e-05
1.976608177756134e-05
1.715107691779849e-05
1.9107286561848014e-05
2.4117820430547e-05
2.9928155981906457e-05
4.4311556393950013e-05
7.351977910730056e-05
0.0001252294023288414
0.00019328981943544932
0.00024319264048244804
0.00024306234990945086
0.00017560824653628515
7.668925059078903e-05
2.0571048025885833e-05
3.61150584922143e-05
0.00041127666190732265
0.00712957423638727
0.054788871813798316
0.1417621187865734
0.16979079321026802
0.10385235981084408
0.03541060164570809
0.02662752498872578
0.06652636406943202
0.13570978306233883
0.1767697110772133
0.13417754508554935
0.06506429007276893
0.029150777729228142
0.01315834841807373
0.0039335032015515034
0.0004682755479734625
2.6652677206584485e-05
2.5107890905928798e-05
2.3195371568363043e-05
1.4742710504833669e-05
6.772344590899594e-06
4.211425562061777e-06
5.042431325819052e-06
6.139925062598195e-06
6.3758100168342935e-06
5.40739199550444e-06
4.6714085328858346e-06
4.487398769015272e-06
3.8581284229621815e-06
3.6467027939579566e-06
5.523147876829171e-06
8.234203050960787e-06
1.0063654599434813e-05
1.325514926975302e-05
1.6246301129285712e-05
1.527968288428383e-05
1.3354253269426408e-05
1.2542103377199965e-05
1.1253335514993523e-05
9.099482440433349e-06
6.223496654911287e-06
3.563110738014075e-06
2.250656308433463e-06
1.988359201732237e-06
2.171274246620669e-06
2.6669369503906637e-06
3.182134491908073e-06
3.5798202588921413e-06
4.125931752696488e-06
5.26373264619906e-06
7.648925929970574e-06
1.1495848298181954e-05
1.9395658682697103e-05
5.304719161358661e-05
0.00016542159028176684
0.0008093233300314749
0.004142618301557377
0.012841656105592847
0.03822343656793237
0.15680196974426508
0.4382652994245291
0.6969979852437973
0.6423153504729271
0.3389595178887248
0.09356536218547264
0.01073253611684777
0.0005414212628238603
4.935494689561893e-05
3.374253265064908e-05
3.7944636915199226e-05
2.332985029340762e-05
5.382514943974571e-06
2.3076217647854952e-07
2.8393547069072156e-08
4.8105927241692825e-08
2.1820328655053342e-07
1.7873150763847432e-06
2.5157148115795277e-05
0.00013227953343175614
0.00033624167735979427
0.00045887037413194776
0.00038671717629767954
0.00022995402468950488
8.48509313300383e-05
1.0949356564537995e-05
1.0705697377488832e-06
1.4133225221257817e-06
4.53991449944624e-06
1.0594841910460673e-05
1.5504805560340174e-05
1.8998648101842264e-05
2.4595777176728006e-05
2.453986780892592e-05
1.486602639033663e-05
6.906290423103202e-06
5.47312913568021e-06
6.318519240267051e-06
6.4408214939248865e-06
5.8946109220414655e-06
6.5362818304492976e-06
7.821769258953282e-06
9.533150659990497e-06
1.2151674809501856e-05
1.2353568536127568e-05
9.160493732451869e-06
6.876792554066924e-06
7.566890985799546e-06
1.011454867239081e-05
1.5238501418934902e-05
2.1002905441491748e-05
2.17260558201815e-05
1.7507461734567187e-05
1.2370889180601807e-05
8.951237759902142e-06
7.51001903154247e-06
7.203247150755487e-06
7.634500661879429e-06
9.315540410170797e-06
1.4306460343505023e-05
1.7913564988703e-05
1.6218058590311557e-05
1.9253757045589737e-05
2.795307409542147e-05
3.47587256328552e-05
5.601620796369389e-05
8.737517873669276e-05
8.971102033683565e-05
6.640304945904063e-05
6.776310510758776e-05
0.0001626157200007583
0.00045157042768551037
0.0006972271221457049
0.0007566828571725637
0.0017367023829137904
0.0036833266203757375
0.005419156397692859
0.007368081482127309
0.009986865683458745
0.013476952444761992
0.021926251472905278
0.03852414758875966
0.05760430544614792
0.07300711050629616
0.07678329944610596
0.06400682590901852
0.04166120779700577
0.018710220989305526
0.004758426443004283
0.000759519237362838
5.667960419941665e-05
1.03924172663028e-05
7.630933509972238e-06
1.1070294362980349e-05
1.4976225429563783e-05
1.7603978903935058e-05
1.5501970892728423e-05
1.2066094768670155e-05
1.119415810535429e-05
9.652439644014521e-06
7.56669669499388e-06
1.1655539879029675e-05
4.5755473820463515e-05
0.0004303974060348991
0.001181203329906566
0.001507716253399849
0.004089913156349212
0.025869301491184157
0.04515922628343105
0.026236541772959757
0.0039944184536580005
0.0005256778167677112
0.00015072495807544328
0.00010245668454444967
0.00013398900773609057
0.00013431955449050292
9.299113753513666e-05
4.7042903588589986e-05
2.2338136659527663e-05
1.652599803492194e-05
1.71273809428385e-05
2.6984121632267488e-05
4.2588136693666456e-05
4.414267959873541e-05
2.693332157832629e-05
1.1452881039986096e-05
5.787961526948493e-06
5.579645289799373e-06
1.9591599993873388e-05
0.00011140939204778987
0.0005681079446731019
0.0023870605873526074
0.012503243313403798
0.12046555476263164
0.4195009721443057
0.732728622853756
0.7156041115522385
0.3808974083513022
0.09876219416037203
0.010547563226737113
0.00019015401539945745
1.2958340448676609e-05
8.769679539000208e-06
4.75108242881106e-06
2.8193285288580228e-06
3.897711962963513e-06
7.167656008277845e-06
1.756282449605351e-05
5.6196357036242255e-05
0.00012965479163540294
0.00018711460870690644
0.0001625226695978199
8.32917107800313e-05
3.0475142921204682e-05
1.2715543562080713e-05
2.0429723917914085e-05
0.00026576187292448594
0.0006725023995386437
0.0007537275087088346
0.0006167134124552831
0.0005108327241032384
0.00037535870797000825
0.0002787868543236982
0.00020403812595759518
0.00011349395936122165
6.90708384354366e-05
6.904695146658923e-05
9.305873936682474e-05
0.000123220639579813
0.00012066187991877086
9.109461097978055e-05
7.521015504607931e-05
8.854149564285763e-05
0.000117188388685463
0.00013191231482778676
0.00011831965457531624
9.004622370412108e-05
6.854088405816583e-05
6.029921041772468e-05
5.669819802278653e-05
6.217020654730732e-05
8.281557620648528e-05
0.00010042810390586965
0.00013461336675391067
0.00022785986584494822
0.0003776612284127623
0.0005087504105176777
0.0005015522547182627
0.00041707665513968095
0.0004898736588074826
0.0007779812513035722
0.001176081845187582
0.0014869425795041025
0.001476787991123274
0.0012507357459980994
0.0011454535415396094
0.0013933221343904734
0.0030771297169849277
0.008185278449673206
0.01354600873310119
0.012175631476566195
0.006611424498260022
0.00383777852403
0.002750620522419922
0.0012336599465925249
0.000381355726858601
0.00017630879210628336
7.456017374352086e-05
3.085351545450976e-05
2.7140325983054936e-05
3.92030660805176e-05
4.9830212446977384e-05
5.163818696019007e-05
5.785452594864182e-05
6.707608736178372e-05
9.96058079181239e-05
0.00021825241310580168
0.00032596441451460123
0.00029473420727299526
0.0004477186885196715
0.0013979448049212806
0.002620952931465581
0.0027010712365154177
0.0016100600332720207
0.0005359881906770171
0.00014574667511624284
0.00012920527478854638
8.634838241050602e-05
5.279073320707539e-05
0.00015164961814662092
0.00028735872729157563
0.0002864498492272105
0.00022918159447726794
0.00017086540538002737
8.858361979946494e-05
3.887879393005278e-05
3.4833089557650965e-05
5.884158599656075e-05
9.078770654014079e-05
9.455120380152948e-05
7.336520502576604e-05
5.40206838195445e-05
5.4072774219093844e-05
6.446623319789069e-05
4.9728061185305705e-05
2.9230182008177508e-05
3.2307865239999956e-05
0.00017800023761083136
0.0014348809527291448
0.0037793166848132387
0.009713741135783494
0.01747131545562297
0.02619137428700924
0.051089856307953596
0.06656633364036679
0.04013755172491074
0.009742016569362024
0.0010887150347116405
0.00017264707275899127
0.00018117222498403862
0.00014705880676046945
0.00013478182154358365
0.00019534626699169166
0.000287606493657222
0.000306013178487774
0.00021765120982308872
0.00011777112194977236
7.523357635363936e-05
7.307820305868518e-05
0.00010096254482050426
0.00016627062723273411
0.00029110069226589985
0.0004931763542117551
0.0008064645080594346
0.001424639645847492
0.0019293709774501622
0.00238748179981485
0.004277857136912644
0.0069576631067320704
0.03628271969500929
0.29433459136635065
0.6265754457563162
0.5063537107780576
0.1514730552735273
0.009848937115748415
0.00046857110646669753
0.0002491923496563686
6.123309140093625e-05
1.955893071681203e-05
3.387856622794061e-05
0.00013377200025388447
0.0002598467344796518
0.0002399801196588669
0.00010623084835970077
2.333019779143797e-05
6.492459192486422e-06
4.794133815266832e-06
4.832827585232735e-06
4.934447360938066e-06
4.499496014886972e-06
3.3630374218773795e-06
2.2864294066948787e-06
1.915305517741217e-06
2.359793342066041e-06
3.939335556424339e-06
6.546250631345174e-06
7.877916914367233e-06
6.233312205949915e-06
3.6802291560888993e-06
2.044681153279271e-06
1.1375352499953806e-06
1.3732265955468392e-06
4.502570007502982e-06
1.0176599516853457e-05
1.2792315601473092e-05
1.014800182019826e-05
6.758825747965602e-06
5.30997510850284e-06
1.1414764685468981e-05
7.889453297593717e-05
0.000437922608853114
0.0010714048985391855
0.001447862305212766
0.001561273034894839
0.00247955767554231
0.007429679506458341
0.021427636733278632
0.03943791054189205
0.05276502575725317
0.06160431541502476
0.09763403981924057
0.24735985323786733
0.4704485274851322
0.506210945546627
0.28708436479792
0.07438185282080668
0.005474016591051623
7.729998628747127e-05
7.007256954238984e-06
1.716498914561271e-06
5.107095830680919e-07
4.147467222992418e-07
3.23791931933215e-07
1.7217249137502222e-07
1.4846111717758959e-07
1.8480888641647653e-07
5.257033315331228e-07
4.369960677763629e-06
5.924035812654437e-05
0.0002567997657934029
0.0005243803570920136
0.0006473443791037425
0.0004871600212936755
0.0001767027529240295
1.7038643562727884e-05
3.666784948563873e-06
1.53286103454775e-06
2.298233368946967e-06
2.9036574460405973e-06
2.840421814198635e-06
2.6210447003904846e-06
2.7071454269389505e-06
3.320156281461095e-06
3.656222872905346e-06
2.96430187063379e-06
2.5182571903314965e-06
3.384929414096405e-06
4.49086076059757e-06
4.480155894270865e-06
3.671689455586602e-06
3.065887824504898e-06
3.044227355530893e-06
3.7500727216865926e-06
5.770048005615536e-06
1.1471613788671675e-05
2.0885890762656345e-05
3.424709757382516e-05
5.471840995596722e-05
7.381691739283269e-05
6.916976235515904e-05
4.251256586940144e-05
2.4345082692889264e-05
2.122750629496295e-05
2.0050463717780076e-05
1.674193322287465e-05
1.2148172118031653e-05
8.267582416010555e-06
6.332460657176853e-06
7.37977075004892e-06
1.1274796747784421e-05
1.7915661601364263e-05
2.975337747557205e-05
6.155694518383825e-05
0.0001705704471532954
0.0004533599167189095
0.0009573117640684359
0.0018604935321491212
0.0021255548199405894
0.0016214480565395206
0.0055223190429387605
0.014600157039240003
0.01772155985236168
0.01055947074200958
0.0031183649480226454
0.000595519224589225
0.00014158657018015222
5.132849446454202e-05
0.00024075311398519259
0.0013051833921053912
0.005688555625965819
0.01250793319195509
0.03086517308838665
0.12008540611714123
0.21148635260760784
0.15576577372848988
0.047604358056560166
0.007294882729183883
0.0015926982887322085
0.0007056155664031394
0.00037556457391474396
0.000518813707458321
0.00095226829580497
0.0011558416590560228
0.0009472163364989683
0.000668621200020425
0.0006053593388060108
0.0006565618823515251
0.0005394565414462704
0.00027643147950584535
9.045260685525137e-05
2.694250724744052e-05
1.0662778549885843e-05
6.493464979939745e-06
8.885263014235534e-06
1.7887561853058287e-05
2.6164223982050316e-05
2.5668988655525027e-05
2.181497757192119e-05
2.0052664240211016e-05
1.9799645542661892e-05
2.131843348252005e-05
2.3606402464793064e-05
2.4234599095507292e-05
2.1625643967126962e-05
1.909323100335314e-05
1.719477222650312e-05
1.3016237971896771e-05
9.145313242697739e-06
6.719086684370268e-06
4.149764833982772e-06
2.2441792282279494e-06
1.7638921008256148e-06
3.6113382009261836e-06
9.51719414388208e-06
2.504955955373589e-05
7.240401055241819e-05
0.00032101909437187715
0.0025786137302929997
0.010609753371682018
0.021211013663560152
0.032131575513631105
0.048193179070949554
0.07901813741773367
0.19399265386164188
0.4592912942171097
0.6076531261205673
0.3900681016966701
0.10826889113377548
0.010598840476404804
8.808177533836671e-05
1.1466382758840157e-06
1.492265813141103e-07
8.272423812627494e-08
1.3201121440431507e-07
1.6442260886151416e-07
1.7999665757884031e-07
2.1999940713612887e-07
4.01352338030847e-07
2.0661971973368054e-06
5.274700868085347e-06
1.7596323118596047e-05
0.00010290565023751695
0.00022817850640421966
0.0002342998377571348
0.0001552979119878728
9.22191056815791e-05
3.563845839948954e-05
4.142837269682787e-06
7.68233036296806e-07
1.5076045656314818e-06
3.661876803562336e-06
8.24094360041272e-06
1.434191301541432e-05
1.6874208768058452e-05
1.3885886801290326e-05
1.0034064416686306e-05
9.448988748772535e-06
1.4898880408509285e-05
3.9018663301249035e-05
0.00017338006500722258
0.0004619909250322962
0.0007138103610486723
0.0007088445563567802
0.0006109455716796219
0.000756881752749905
0.0008329352858709171
0.0004976498075848212
0.00015248995669026047
3.7802618635396363e-05
2.046267945843283e-05
4.00817023091804e-05
5.97143589402549e-05
4.8871495891944505e-05
3.0192759822966764e-05
2.685133040358778e-05
2.7515783585840836e-05
2.1263134385662852e-05
1.4087785984884249e-05
1.614739585420466e-05
2.4405498152191285e-05
2.8459407531045144e-05
2.737082968451432e-05
2.4408016088273143e-05
1.8670521285457653e-05
1.4852465938020032e-05
2.5506839619993116e-05
0.0001741867622513382
0.002661999040356022
0.02130065522214863
0.06463579600676894
0.10079174116253853
0.09534604381769896
0.057507783640176065
0.02001997386105359
0.003894669382134453
0.0020572912762872875
0.003103537281276658
0.0063929964089766145
0.021137803443707526
0.15029697096906602
0.45410740189254284
0.5672217421233654
0.2995623787865043
0.060187730734469376
0.007523024738475216
0.00040332945354748517
0.00021621430641971529
0.0001814859060687013
0.0005738450781791471
0.002075518474157434
0.003821250284090638
0.003472947282716632
0.0015801357003510932
0.0004081470760866069
0.0001043231836774794
2.2448729737334364e-05
5.88351485930616e-06
3.852088127587194e-06
3.5124180612911005e-06
8.243281683917303e-06
1.9999273831672326e-05
3.164847657899372e-05
3.199761067662621e-05
2.4236523131548893e-05
2.124334696418373e-05
2.3850346224207897e-05
2.7451611458673142e-05
2.8697629204543773e-05
2.9266239835123997e-05
2.9632850782945752e-05
2.329224616914871e-05
1.4112984899838922e-05
1.1522238764882786e-05
1.703481166259735e-05
2.8185541850689333e-05
4.044500337840873e-05
4.3133987674082164e-05
3.3758421068341704e-05
2.6993919618689688e-05
3.211000102965045e-05
4.595680502461619e-05
5.8283058933739085e-05
6.18989779468393e-05
6.247945020732004e-05
6.3209618019755e-05
8.374449134862516e-05
0.00014846118028799538
0.00024021232457016595
0.00029258001086418517
0.0002831272504408844
0.0004691622452810406
0.002196235269366298
0.008385659311898053
0.02418987371493131
0.04609505459666252
0.05759326182305813
0.04792307922616601
0.02635222743265331
0.011164188268594444
0.006498194648884237
0.0070789005840197206
0.008183756726793945
0.011488886550068855
0.07354674860835075
0.25585451163351536
0.4088438116014004
0.3351425025612116
0.15104784164577723
0.04601356433704496
0.014224150159861894
0.0039042441785568376
0.0009512167744105683
0.0004341927924542688
0.0003194633791281376
0.00021735804693889804
0.0001552661578898551
0.00010326110714231618
6.314110760285985e-05
4.4842856368632056e-05
3.850195571430959e-05
3.811888655036455e-05
3.7519998386414954e-05
2.981125726364553e-05
1.8288006913280697e-05
1.0344424140384945e-05
5.5750867886672495e-06
3.3502178666822147e-06
2.744173571045394e-06
3.2671081271473668e-06
6.130554311312153e-06
1.1989272934442852e-05
1.741894402584876e-05
1.844806456574588e-05
1.856579001469072e-05
2.582392380645615e-05
3.494912562018726e-05
3.4410140415275237e-05
3.1897008739179e-05
3.524282283251523e-05
4.211381292407168e-05
5.485258316184627e-05
7.444883249263512e-05
0.00011044788334402256
0.00015846715905354358
0.0002924142863776069
0.0010092200136568863
0.003961187685490586
0.011935017246287316
0.03056355263106525
0.06256351619958878
0.08472768124192953
0.07139801513403654
0.04172424180433154
0.04967987537384033
0.24055944150313732
0.5931882057338953
0.7010819241404533
0.424203047528863
0.12223517187521796
0.011245324561059535
0.00017361906492396886
6.646418494682395e-06
5.559706650615227e-07
4.254474355036564e-07
1.2155698811966431e-06
3.2631013340278514e-06
4.778451909714931e-06
3.3434179016467174e-06
1.5345987094406157e-06
1.6277302705702823e-06
2.073481226716467e-06
2.824569662607246e-06
1.380110080617669e-05
6.919645613834291e-05
0.00015812645688129123
0.0002378051976847928
0.00026463964240974747
0.00019222009723307565
8.708164023119025e-05
2.7364594245682387e-05
6.373979317686463e-06
1.3749262564033414e-05
0.0001493693100655946
0.0003180859548592707
0.00024384693278989292
7.613448451593287e-05
2.497222158126533e-05
3.0417799280257896e-05
4.50108827863005e-05
6.709214267175412e-05
7.99764984549256e-05
5.768359415014857e-05
2.584331878097146e-05
1.6855633020895766e-05
2.383499349889462e-05
3.0861587219987996e-05
3.1450289498025086e-05
2.6421010716148885e-05
1.867169748948072e-05
1.189876502394327e-05
7.320832992263605e-06
6.124724905021139e-06
8.939657618611818e-06
1.3378526773522026e-05
1.3473612966663495e-05
7.502221876620752e-06
2.9633786766680714e-06
3.291152722795232e-06
7.968837110183813e-06
3.0055712727516944e-05
8.608219195593847e-05
0.00017802010916057043
0.0003314693094580434
0.00047140040260273963
0.0004459728370420635
0.00031831804517423734
0.00022340661962516606
0.00016035007683967706
0.00011839057879114989
0.00012875941865786444
0.00021461761753016617
0.0005812291601614561
0.0030080204160185526
0.011891219997778535
0.030027621891349554
0.04382884316146374
0.040308382362127304
0.029747544787824154
0.020170538686215878
0.011366885853931308
0.005237787903752178
0.0029053237522020936
0.004817351640667766
0.007870764704421163
0.0073146772920154035
0.0037386018666438763
0.001332219660980627
0.0008068360912147909
0.0006182688885019161
0.00035181475686840713
0.00017712479348119814
0.00010122703133674804
9.687689271231648e-05
0.00014310787628346588
0.00021482224838109687
0.0003551086556399241
0.0008013770057004876
0.0013384608319029212
0.0014854873588774353
0.002299446932738647
0.0033729342103470117
0.002604149703984149
0.001045797165716067
0.00030502602567139553
0.00017677885261946358
0.00035764946187555324
0.0006534071508212946
0.0009222881781170145
0.0010019148903666064
0.0007502145272155758
0.000355392970959656
0.0001606743644515518
0.00016682318164384924
0.00020400661378516816
0.0001821809073589975
0.00011235457623115509
6.946684879949316e-05
7.089376504154643e-05
8.29259824968176e-05
9.844017768045887e-05
0.0002623911623231834
0.0017645953776082022
0.005338806135114282
0.008055318263359368
0.015577891608700154
0.03243539610411972
0.0404818425886333
0.030902080005034804
0.01688025228213519
0.007666485442314298
0.005282989703118801
0.00578614289406687
0.004714783281087875
0.0038548381999135017
0.003962720860727131
0.012735810072626917
0.19556249200832096
0.48642747849226
0.4437375497072935
0.1582477371557616
0.01682293839985505
0.000943774670304265
0.0003293793997727335
9.920457750922652e-05
3.2914275834627915e-05
3.0038571367185796e-05
4.865630035055801e-05
8.290485857287422e-05
0.00011703383279382251
0.00013717377805733122
0.00013354786460695323
0.00010107717571372632
5.8146908486378386e-05
3.0084825539233865e-05
1.9618313672253862e-05
1.686280620560865e-05
1.8248610558657674e-05
2.0119895907555474e-05
1.7840413420344703e-05
1.4782638800170389e-05
1.3702219575861818e-05
1.2612892533070408e-05
9.252127938452759e-06
4.8372812671004795e-06
2.1546419191054156e-06
1.4624866935264436e-06
1.763657422770848e-06
2.295822241649148e-06
2.7634603725346096e-06
3.124049953839858e-06
3.181384613526461e-06
2.6174166691816936e-06
1.7467403665705208e-06
2.5176935309900728e-06
1.3044011353713357e-05
7.500116873870866e-05
0.0003075447293667821
0.001558512885821983
0.005594580521574244
0.010265856864862144
0.01163514144718647
0.013264572946354747
0.03461584821343422
0.1755707082338631
0.4478350207209587
0.5852814540266991
0.4302911665290594
0.1805829335935414
0.04190636047860608
0.006070222967537121
0.0005015326721604653
2.9808631879291177e-05
8.20923048650002e-07
4.0065040707304433e-07
8.851480117755273e-07
2.0369039219758633e-06
2.7990236333153007e-06
2.094252465667523e-06
1.1639289425602328e-06
9.852037408109027e-07
1.5780977093982074e-06
1.0532966001619569e-05
5.2116384949840715e-05
0.00010667395235941513
0.00014907589502399787
0.00015840570267755538
9.653297729528278e-05
3.3362942758685676e-05
2.2218617687030928e-05
0.00015727061372672321
0.001406356476309156
0.003402024201932363
0.0038215445238165557
0.002759744325885549
0.0017057387885870412
0.0010142338869627565
0.0007055450550979003
0.0005540470301639289
0.00038628176116617396
0.00023666663037147376
0.0001433863908459898
0.00012482456804718822
0.0001983941656362731
0.0003125238581560552
0.0003670985679491423
0.0003536115400493145
0.0002964383711514529
0.00021982213365845382
0.00018678764536161907
0.0002352269657421857
0.0003589456173358485
0.0004841590562136844
0.000517497886903584
0.0004565878916764632
0.0003583179714041762
0.00025544822710799053
0.00016025614058889914
9.415301792614628e-05
6.02834716119105e-05
5.396649066824466e-05
0.00011192504462087526
0.0002608330632938305
0.0003956180371460505
0.0003999699474661611
0.00033205018553417176
0.0002938873803941533
0.0003532691844156943
0.00046475499402731657
0.0005292312562232837
0.0006869662902317941
0.0013299595448188484
0.002893238211981952
0.00540258880937472
0.007797994534485042
0.008354686666280031
0.00940282316878438
0.019225884461775422
0.04178225947543979
0.07083611376583576
0.0932465773075819
0.0885759312659502
0.05982858315110207
0.04274690430611372
0.046441322192549706
0.05107563454657793
0.042793337255716324
0.022441521054133776
0.0064380504336440944
0.001116658151659067
8.011039858502046e-05
1.5441055438714102e-05
6.468103265433456e-06
5.9731871715484885e-06
4.711574433713395e-06
4.047606921631086e-06
4.536703499979922e-06
4.593009748532495e-06
3.710801308898226e-06
2.5057448738152743e-06
1.6539587477382156e-06
1.1597857820788704e-06
8.088054812560586e-07
5.654975723246025e-07
5.872696391406862e-07
9.728984906587357e-07
1.9281162195738943e-06
3.6640833229739656e-06
5.583237168593769e-06
6.288515805863426e-06
5.577140655077528e-06
4.60363628462801e-06
4.022803580028267e-06
4.10823133734084e-06
5.885080383905006e-06
1.0484749168426788e-05
1.620069997443352e-05
1.9589163457567338e-05
2.174402561649913e-05
2.6671227715269197e-05
3.232282460885472e-05
5.083249106974108e-05
0.0005011908042433788
0.0035858069059031546
0.012071046861819923
0.022369495127350092
0.028629638254642487
0.05565277347341179
0.21040905173867938
0.5160308703780174
0.6546627879142761
0.42258182819932705
0.12889069283846769
0.016047567645728126
0.0012092594843124973
8.091241284091667e-05
2.007815783144906e-05
3.161316703881312e-05
3.913717682735296e-05
2.4498251377735872e-05
7.027957590111101e-06
9.976745527495725e-07
8.583758681623978e-08
5.134857872235443e-08
2.816715918285695e-07
1.5137618980531895e-06
1.2041016688613125e-05
5.850890181591239e-05
0.00013808934181724908
0.00025825716147664934
0.000450974239356583
0.0006678510108031332
0.0006319344520306913
0.0002982191072078422
8.374048593395855e-05
4.652498751056555e-05
1.8096246094501115e-05
1.0253068239762797e-05
1.2983928627363639e-05
1.30455955513753e-05
1.2457237744456506e-05
1.2417305242706789e-05
1.1750249996111961e-05
1.1660535164992325e-05
1.2232906328790705e-05
1.2295239002924063e-05
1.175530724140117e-05
1.2063225312886061e-05
1.099250778224814e-05
6.930076096978156e-06
3.5889937635147366e-06
2.4231778752437094e-06
2.2542946567227773e-06
3.3447880696257926e-06
6.204584849456296e-06
9.557805697113508e-06
1.0895116247411352e-05
9.994672836910468e-06
9.17031911740196e-06
9.414907481186674e-06
9.940946256392635e-06
9.986572194975452e-06
1.112005361392221e-05
1.4917357020749478e-05
2.0648359623010037e-05
2.5719465156726073e-05
2.4704277620912762e-05
1.789977181942959e-05
1.2436072438504198e-05
1.6863540395206655e-05
3.367447584423644e-05
5.0994966841244604e-05
6.175762700877385e-05
5.816265411340282e-05
3.48704645602993e-05
1.8940721020044293e-05
0.00011956631010434647
0.0011522095501277363
0.006148569962533656
0.02092575724236667
0.04757908824831247
0.09171593748033047
0.17528485879302025
0.20902146212756634
0.11408288497477771
0.024398969020694498
0.0072288456140086055
0.006515365559607744
0.007152985432185233
0.15258703916333613
0.5013704516459256
0.5803139712661505
0.2556114899925888
0.03409456771987607
0.006328160023258535
0.00037712257471866906
0.00027955354198638815
0.0001487463086959906
0.0002620960094645852
0.0009144974537775851
0.0020166577742202207
0.0024662505311425775
0.0018886798643507063
0.0010241401614621282
0.0004215487388137263
0.00016377494466723874
8.011453928702394e-05
3.886552940457477e-05
2.0577718260028632e-05
1.427956794941565e-05
1.2329837545621558e-05
1.6523483282071538e-05
2.322429759260558e-05
2.970198511320632e-05
3.8880694319232134e-05
4.8194303417403717e-05
5.594939375441754e-05
6.030795248079812e-05
5.6766367379168514e-05
4.690804780693725e-05
3.693054441100685e-05
3.116536208835896e-05
2.9276144232426304e-05
3.768392798519926e-05
6.261598082346609e-05
9.71803874563193e-05
0.00014685521819046699
0.00024165921058738604
0.0004109861438337248
0.0006725583371007815
0.0011101825657533482
0.003067710407776758
0.017188065801747143
0.04540572944097221
0.05266668740659952
0.0
