0.0
0.0
0.0
0.0
0.0
0.0
0.0
0.0
0.0
0.0
40.834679965348975
40.834679965348975
40.834679965348975
40.834679965348975
40.834679965348975
40.49185013898772
40.49185013898772
40.49185013898772
40.49185013898772
40.49185013898772
40.49185013898772
40.14209399107353
40.14209399107353
40.14209399107353
40.14209399107353
40.14209399107353
40.14209399107353
40.14209399107353
40.14209399107353
40.14209399107353
40.14209399107353
40.14209399107353
40.14209399107353
40.49185013898772
40.49185013898772
40.49185013898772
40.14209399107353
40.14209399107353
40.14209399107353
40.14209399107353
40.14209399107353
40.49185013898772
40.49185013898772
40.49185013898772
40.49185013898772
40.49185013898772
40.49185013898772
40.49185013898772
40.49185013898772
40.49185013898772
40.49185013898772
40.49185013898772
40.49185013898772
40.49185013898772
40.49185013898772
40.14209399107353
40.14209399107353
40.14209399107353
40.14209399107353
40.14209399107353
40.14209399107353
40.14209399107353
40.14209399107353
40.14209399107353
40.49185013898772
40.49185013898772
40.49185013898772
40.49185013898772
40.49185013898772
40.49185013898772
40.14209399107353
39.7851258703449
39.42064208182268
39.42064208182268
0.0
0.0
0.0
0.0
0.0
0.0
0.0
0.0
0.0
0.0
0.0
0.0
0.0
0.0
0.0
0.0
0.0
40.14209399107353
40.49185013898772
40.14209399107353
40.14209399107353
40.14209399107353
40.14209399107353
40.14209399107353
40.14209399107353
40.14209399107353
40.14209399107353
40.14209399107353
40.14209399107353
39.7851258703449
39.7851258703449
39.7851258703449
40.14209399107353
40.14209399107353
40.14209399107353
40.14209399107353
40.14209399107353
40.14209399107353
40.14209399107353
40.14209399107353
40.14209399107353
40.14209399107353
40.14209399107353
39.7851258703449
39.7851258703449
40.14209399107353
40.14209399107353
40.14209399107353
40.14209399107353
40.14209399107353
40.14209399107353
40.49185013898772
40.49185013898772
40.49185013898772
40.49185013898772
40.14209399107353
40.14209399107353
40.14209399107353
40.14209399107353
40.14209399107353
39.7851258703449
40.14209399107353
40.14209399107353
40.14209399107353
40.14209399107353
40.14209399107353
40.49185013898772
40.49185013898772
40.49185013898772
40.49185013898772
40.49185013898772
40.49185013898772
40.49185013898772
40.49185013898772
40.49185013898772
40.49185013898772
40.49185013898772
40.49185013898772
40.14209399107353
39.42064208182268
38.66781301764712
18.45383492638227
0.0
0.0
0.0
0.0
0.0
0.0
0.0
0.0
22.80467587899878
41.17085247938414
41.50062131644942
41.50062131644942
41.50062131644942
41.50062131644942
41.50062131644942
41.17085247938414
41.17085247938414
41.17085247938414
41.17085247938414
41.17085247938414
41.17085247938414
40.834679965348975
40.834679965348975
40.834679965348975
40.834679965348975
40.834679965348975
40.834679965348975
40.834679965348975
40.834679965348975
40.834679965348975
40.834679965348975
40.834679965348975
40.834679965348975
40.834679965348975
40.834679965348975
40.834679965348975
40.834679965348975
40.834679965348975
40.834679965348975
40.834679965348975
40.834679965348975
40.834679965348975
40.834679965348975
40.834679965348975
40.834679965348975
40.834679965348975
40.834679965348975
40.834679965348975
40.834679965348975
40.834679965348975
40.834679965348975
40.834679965348975
40.834679965348975
40.834679965348975
40.834679965348975
40.834679965348975
40.834679965348975
40.834679965348975
40.834679965348975
40.834679965348975
40.834679965348975
40.834679965348975
40.834679965348975
40.834679965348975
40.834679965348975
41.17085247938414
41.17085247938414
41.17085247938414
40.834679965348975
40.834679965348975
40.834679965348975
57.29830529399247
0.0
0.0
0.0
0.0
0.0
0.0
62.376842462686994
0.0
0.0
0.0
0.0
0.0
0.0
0.0
0.0
40.834679965348975
40.834679965348975
40.834679965348975
40.49185013898772
40.14209399107353
40.14209399107353
40.14209399107353
40.14209399107353
40.14209399107353
40.14209399107353
40.14209399107353
40.14209399107353
40.14209399107353
40.14209399107353
40.14209399107353
40.14209399107353
40.14209399107353
40.14209399107353
40.14209399107353
40.14209399107353
40.14209399107353
40.49185013898772
40.49185013898772
40.49185013898772
40.49185013898772
40.49185013898772
40.834679965348975
40.834679965348975
40.834679965348975
40.834679965348975
40.49185013898772
40.49185013898772
40.49185013898772
40.49185013898772
40.49185013898772
40.49185013898772
40.49185013898772
40.49185013898772
40.49185013898772
40.49185013898772
40.49185013898772
40.49185013898772
40.49185013898772
40.49185013898772
40.49185013898772
40.49185013898772
40.49185013898772
40.49185013898772
40.49185013898772
40.14209399107353
40.14209399107353
39.7851258703449
39.42064208182268
39.42064208182268
39.7851258703449
40.14209399107353
0.0
0.0
0.0
0.0
0.0
0.0
0.0
24.628713000339374
41.50062131644942
41.50062131644942
41.50062131644942
41.50062131644942
41.50062131644942
41.17085247938414
41.17085247938414
41.17085247938414
41.17085247938414
41.17085247938414
40.834679965348975
40.834679965348975
40.834679965348975
40.834679965348975
40.834679965348975
40.834679965348975
40.834679965348975
40.834679965348975
40.834679965348975
40.834679965348975
40.834679965348975
40.834679965348975
40.834679965348975
40.834679965348975
40.834679965348975
40.834679965348975
40.834679965348975
40.834679965348975
40.834679965348975
40.834679965348975
40.834679965348975
40.834679965348975
40.834679965348975
40.834679965348975
40.834679965348975
40.834679965348975
40.834679965348975
40.834679965348975
40.834679965348975
40.834679965348975
40.834679965348975
40.834679965348975
40.834679965348975
40.834679965348975
40.834679965348975
40.834679965348975
40.834679965348975
40.834679965348975
40.834679965348975
40.834679965348975
40.834679965348975
40.834679965348975
40.834679965348975
40.834679965348975
41.17085247938414
41.17085247938414
41.17085247938414
41.17085247938414
41.50062131644942
41.50062131644942
41.50062131644942
41.17085247938414
41.17085247938414
40.834679965348975
40.834679965348975
40.834679965348975
40.834679965348975
41.17085247938414
41.82422588765265
42.76025603166793
43.35729245403312
43.35729245403312
43.648263008993254
43.648263008993254
43.648263008993254
43.35729245403312
43.35729245403312
43.35729245403312
43.35729245403312
43.35729245403312
43.35729245403312
43.35729245403312
43.35729245403312
43.06134780322189
43.06134780322189
43.06134780322189
42.76025603166793
42.76025603166793
42.76025603166793
42.76025603166793
42.76025603166793
42.76025603166793
42.76025603166793
42.76025603166793
42.76025603166793
42.76025603166793
42.76025603166793
42.76025603166793
42.76025603166793
42.76025603166793
42.76025603166793
42.76025603166793
42.76025603166793
42.76025603166793
42.76025603166793
42.76025603166793
42.76025603166793
42.76025603166793
42.76025603166793
42.76025603166793
42.76025603166793
42.76025603166793
42.76025603166793
42.76025603166793
42.76025603166793
42.76025603166793
43.06134780322189
43.06134780322189
43.06134780322189
43.06134780322189
43.06134780322189
43.06134780322189
43.06134780322189
42.76025603166793
42.45383492638228
42.141892423986945
41.50062131644942
0.0
60.301024848390554
59.85422997400285
64.57819615583817
0.0
0.0
0.0
60.190402488038
64.14209399107352
60.301024848390554
61.05619991710803
64.49185013898773
64.49185013898773
64.49185013898773
64.49185013898773
64.31785530264634
60.07906872498188
60.07906872498188
41.17085247938414
41.17085247938414
41.17085247938414
41.17085247938414
41.17085247938414
41.17085247938414
41.17085247938414
41.17085247938414
41.17085247938414
40.834679965348975
40.834679965348975
40.834679965348975
40.834679965348975
40.834679965348975
40.834679965348975
40.49185013898772
40.49185013898772
40.49185013898772
40.49185013898772
40.49185013898772
40.49185013898772
40.834679965348975
40.834679965348975
40.834679965348975
40.834679965348975
40.834679965348975
40.834679965348975
40.834679965348975
40.834679965348975
40.834679965348975
40.49185013898772
40.49185013898772
40.834679965348975
40.834679965348975
40.834679965348975
40.834679965348975
40.834679965348975
40.834679965348975
40.834679965348975
40.834679965348975
40.834679965348975
40.49185013898772
40.49185013898772
40.49185013898772
40.49185013898772
40.49185013898772
40.49185013898772
40.49185013898772
40.49185013898772
40.49185013898772
40.49185013898772
40.49185013898772
40.49185013898772
40.49185013898772
40.49185013898772
40.49185013898772
40.49185013898772
40.49185013898772
40.49185013898772
40.49185013898772
40.49185013898772
40.834679965348975
40.834679965348975
40.834679965348975
40.834679965348975
40.834679965348975
40.834679965348975
41.17085247938414
0.0
0.0
0.0
0.0
0.0
0.0
0.0
0.0
0.0
0.0
0.0
0.0
0.0
0.0
0.0
0.0
0.0
0.0
0.0
0.0
0.0
0.0
0.0
0.0
0.0
0.0
0.0
0.0
0.0
0.0
0.0
0.0
0.0
0.0
0.0
0.0
0.0
0.0
0.0
0.0
0.0
0.0
0.0
0.0
0.0
0.0
0.0
0.0
0.0
0.0
0.0
0.0
0.0
0.0
0.0
0.0
25.47338493503615
40.49185013898772
40.834679965348975
40.834679965348975
40.49185013898772
40.49185013898772
40.49185013898772
40.49185013898772
40.49185013898772
40.49185013898772
40.834679965348975
40.834679965348975
40.834679965348975
40.834679965348975
40.834679965348975
40.834679965348975
40.834679965348975
40.834679965348975
40.834679965348975
40.834679965348975
40.834679965348975
40.834679965348975
40.834679965348975
40.834679965348975
40.834679965348975
40.834679965348975
40.834679965348975
40.834679965348975
40.834679965348975
40.834679965348975
40.834679965348975
40.834679965348975
40.834679965348975
40.834679965348975
40.834679965348975
40.834679965348975
40.834679965348975
40.834679965348975
40.834679965348975
40.834679965348975
40.834679965348975
40.834679965348975
40.834679965348975
40.834679965348975
40.834679965348975
40.834679965348975
40.834679965348975
40.834679965348975
40.834679965348975
40.834679965348975
40.834679965348975
40.834679965348975
40.834679965348975
40.834679965348975
40.834679965348975
40.834679965348975
41.17085247938414
41.17085247938414
41.17085247938414
41.17085247938414
41.17085247938414
41.17085247938414
41.17085247938414
40.834679965348975
40.49185013898772
40.49185013898772
40.49185013898772
40.834679965348975
41.17085247938414
41.82422588765265
42.141892423986945
43.06134780322189
43.648263008993254
43.93442391244566
44.49293494369003
45.03398961803248
45.03398961803248
44.76557586169103
44.76557586169103
44.76557586169103
44.76557586169103
44.49293494369003
44.49293494369003
44.49293494369003
44.49293494369003
44.49293494369003
44.49293494369003
44.49293494369003
44.76557586169103
44.76557586169103
45.03398961803248
45.03398961803248
45.03398961803248
45.03398961803248
45.03398961803248
45.03398961803248
45.03398961803248
45.03398961803248
45.03398961803248
45.03398961803248
45.03398961803248
45.03398961803248
45.03398961803248
45.03398961803248
45.03398961803248
45.03398961803248
45.03398961803248
45.03398961803248
45.03398961803248
45.03398961803248
45.03398961803248
45.03398961803248
45.03398961803248
45.03398961803248
44.76557586169103
44.76557586169103
44.76557586169103
44.76557586169103
44.76557586169103
44.76557586169103
44.76557586169103
44.76557586169103
44.76557586169103
44.76557586169103
44.76557586169103
44.76557586169103
44.49293494369003
44.49293494369003
44.215931586333525
43.93442391244566
43.648263008993254
43.35729245403312
43.06134780322189
42.76025603166793
42.76025603166793
42.45383492638228
42.45383492638228
42.76025603166793
42.76025603166793
42.76025603166793
42.76025603166793
42.76025603166793
42.76025603166793
42.76025603166793
42.76025603166793
42.76025603166793
42.76025603166793
42.76025603166793
42.76025603166793
42.76025603166793
42.76025603166793
42.76025603166793
42.76025603166793
42.76025603166793
42.76025603166793
42.76025603166793
42.76025603166793
42.76025603166793
42.76025603166793
42.76025603166793
42.76025603166793
42.76025603166793
42.76025603166793
42.76025603166793
42.76025603166793
42.76025603166793
42.76025603166793
42.76025603166793
42.76025603166793
42.76025603166793
42.76025603166793
42.76025603166793
42.76025603166793
42.76025603166793
42.76025603166793
42.76025603166793
42.76025603166793
42.76025603166793
42.76025603166793
42.76025603166793
42.76025603166793
42.76025603166793
42.76025603166793
42.76025603166793
42.76025603166793
43.06134780322189
43.06134780322189
43.06134780322189
43.06134780322189
42.76025603166793
42.76025603166793
42.45383492638228
42.141892423986945
41.50062131644942
41.17085247938414
41.17085247938414
0.0
0.0
0.0
0.0
0.0
0.0
36.628713000339374
28.491850138987722
41.50062131644942
41.17085247938414
41.17085247938414
41.17085247938414
40.834679965348975
40.834679965348975
40.834679965348975
40.834679965348975
40.834679965348975
40.834679965348975
40.834679965348975
40.834679965348975
40.834679965348975
40.834679965348975
40.834679965348975
40.834679965348975
40.834679965348975
40.834679965348975
40.834679965348975
40.834679965348975
40.834679965348975
40.834679965348975
40.834679965348975
40.834679965348975
40.834679965348975
40.834679965348975
40.834679965348975
40.834679965348975
40.834679965348975
40.834679965348975
40.834679965348975
40.834679965348975
40.834679965348975
40.834679965348975
40.834679965348975
40.834679965348975
40.834679965348975
40.834679965348975
40.834679965348975
40.834679965348975
40.834679965348975
40.834679965348975
41.17085247938414
41.17085247938414
41.17085247938414
41.17085247938414
41.17085247938414
41.17085247938414
41.17085247938414
41.17085247938414
41.17085247938414
40.834679965348975
40.834679965348975
40.834679965348975
0.0
0.0
0.0
0.0
0.0
0.0
64.40507130821481
64.14209399107352
0.0
0.0
0.0
0.0
0.0
0.0
14.27875528533859
40.49185013898772
40.834679965348975
40.834679965348975
40.834679965348975
40.834679965348975
40.49185013898772
40.49185013898772
40.49185013898772
40.49185013898772
40.14209399107353
40.14209399107353
40.14209399107353
40.14209399107353
40.49185013898772
40.49185013898772
40.49185013898772
40.14209399107353
40.14209399107353
40.14209399107353
40.14209399107353
40.14209399107353
40.14209399107353
40.49185013898772
40.49185013898772
40.49185013898772
40.49185013898772
40.49185013898772
40.49185013898772
40.49185013898772
40.49185013898772
40.14209399107353
40.14209399107353
40.14209399107353
40.14209399107353
40.14209399107353
40.14209399107353
40.14209399107353
40.14209399107353
40.14209399107353
40.14209399107353
40.14209399107353
40.14209399107353
40.14209399107353
40.14209399107353
40.14209399107353
40.14209399107353
40.14209399107353
40.14209399107353
40.14209399107353
40.49185013898772
40.49185013898772
40.14209399107353
40.14209399107353
39.7851258703449
39.7851258703449
39.7851258703449
39.42064208182268
39.42064208182268
38.66781301764712
38.27875528533859
38.27875528533859
37.8807529181162
37.8807529181162
37.8807529181162
38.27875528533859
38.27875528533859
38.27875528533859
38.27875528533859
38.66781301764712
38.66781301764712
38.66781301764712
38.66781301764712
38.66781301764712
38.66781301764712
38.66781301764712
38.27875528533859
38.27875528533859
38.27875528533859
38.27875528533859
38.27875528533859
38.27875528533859
38.27875528533859
38.27875528533859
38.27875528533859
38.27875528533859
38.27875528533859
38.27875528533859
38.27875528533859
38.27875528533859
38.27875528533859
38.27875528533859
38.27875528533859
38.27875528533859
38.27875528533859
38.27875528533859
38.27875528533859
38.27875528533859
38.27875528533859
38.27875528533859
38.27875528533859
38.27875528533859
38.27875528533859
38.27875528533859
38.27875528533859
38.27875528533859
38.27875528533859
38.27875528533859
38.27875528533859
38.27875528533859
38.27875528533859
38.27875528533859
38.66781301764712
39.04831933437518
38.27875528533859
38.27875528533859
38.27875528533859
37.8807529181162
25.47338493503615
25.47338493503615
0.0
63.694721798120014
25.47338493503615
62.376842462686994
36.190402488038
36.190402488038
17.17085247938413
25.47338493503615
38.66781301764712
37.8807529181162
37.05619991710803
36.628713000339374
36.628713000339374
36.628713000339374
36.190402488038
36.190402488038
36.190402488038
36.190402488038
36.190402488038
36.628713000339374
36.628713000339374
36.628713000339374
36.628713000339374
36.628713000339374
36.628713000339374
36.628713000339374
36.628713000339374
36.628713000339374
36.628713000339374
36.628713000339374
36.190402488038
36.190402488038
36.190402488038
36.190402488038
36.190402488038
36.628713000339374
36.628713000339374
36.628713000339374
36.628713000339374
36.628713000339374
36.628713000339374
36.628713000339374
36.628713000339374
36.628713000339374
36.628713000339374
36.628713000339374
36.628713000339374
36.628713000339374
36.628713000339374
36.628713000339374
36.628713000339374
36.628713000339374
36.628713000339374
36.628713000339374
36.628713000339374
36.190402488038
36.190402488038
36.190402488038
36.190402488038
36.190402488038
36.190402488038
36.190402488038
36.190402488038
36.628713000339374
36.628713000339374
37.05619991710803
0.0
0.0
0.0
0.0
0.0
0.0
0.0
0.0
0.0
0.0
0.0
0.0
0.0
0.0
0.0
0.0
0.0
0.0
0.0
0.0
0.0
0.0
0.0
0.0
0.0
0.0
0.0
0.0
0.0
0.0
0.0
0.0
0.0
0.0
0.0
0.0
0.0
0.0
0.0
0.0
0.0
0.0
0.0
0.0
0.0
0.0
0.0
0.0
0.0
0.0
0.0
0.0
0.0
0.0
0.0
0.0
0.0
0.0
0.0
0.0
0.0
0.0
0.0
0.0
0.0
18.45383492638227
42.76025603166793
43.06134780322189
43.06134780322189
43.06134780322189
43.06134780322189
42.76025603166793
42.76025603166793
42.76025603166793
42.76025603166793
42.45383492638228
42.45383492638228
42.45383492638228
42.45383492638228
42.45383492638228
42.141892423986945
42.141892423986945
42.141892423986945
42.141892423986945
42.141892423986945
42.141892423986945
42.141892423986945
42.141892423986945
42.141892423986945
42.141892423986945
42.45383492638228
42.45383492638228
42.45383492638228
42.45383492638228
42.45383492638228
42.76025603166793
42.76025603166793
42.76025603166793
42.76025603166793
42.76025603166793
42.76025603166793
42.76025603166793
42.76025603166793
42.76025603166793
42.76025603166793
42.76025603166793
42.76025603166793
42.76025603166793
42.45383492638228
42.45383492638228
42.45383492638228
42.45383492638228
42.76025603166793
42.76025603166793
42.76025603166793
42.76025603166793
42.45383492638228
42.45383492638228
42.45383492638228
42.141892423986945
41.82422588765265
41.17085247938414
40.834679965348975
40.49185013898772
21.815129956695102
0.0
0.0
0.0
0.0
0.0
21.815129956695102
40.49185013898772
40.834679965348975
40.834679965348975
40.834679965348975
40.834679965348975
40.834679965348975
40.834679965348975
40.834679965348975
40.834679965348975
40.834679965348975
40.834679965348975
40.834679965348975
40.834679965348975
40.834679965348975
40.834679965348975
40.834679965348975
40.834679965348975
40.834679965348975
40.834679965348975
40.834679965348975
40.834679965348975
40.834679965348975
40.834679965348975
40.834679965348975
40.834679965348975
40.834679965348975
40.834679965348975
40.834679965348975
40.834679965348975
40.834679965348975
40.834679965348975
40.834679965348975
40.834679965348975
40.834679965348975
40.834679965348975
40.834679965348975
40.834679965348975
40.834679965348975
40.834679965348975
41.17085247938414
41.17085247938414
41.17085247938414
41.17085247938414
41.17085247938414
41.17085247938414
41.17085247938414
41.17085247938414
40.834679965348975
40.834679965348975
0.0
0.0
61.8807529181162
0.0
0.0
0.0
0.0
0.0
0.0
0.0
0.0
0.0
0.0
0.0
0.0
0.0
40.49185013898772
40.14209399107353
40.14209399107353
40.14209399107353
40.14209399107353
39.7851258703449
39.7851258703449
39.7851258703449
40.14209399107353
40.14209399107353
40.14209399107353
40.14209399107353
40.49185013898772
40.49185013898772
40.49185013898772
40.49185013898772
40.49185013898772
40.49185013898772
40.49185013898772
40.49185013898772
40.14209399107353
40.14209399107353
40.14209399107353
40.14209399107353
40.14209399107353
40.14209399107353
40.14209399107353
40.14209399107353
40.14209399107353
40.14209399107353
40.14209399107353
40.14209399107353
40.14209399107353
40.14209399107353
40.14209399107353
40.14209399107353
40.14209399107353
40.14209399107353
40.14209399107353
40.14209399107353
40.49185013898772
40.14209399107353
40.14209399107353
40.14209399107353
40.14209399107353
40.49185013898772
40.49185013898772
40.49185013898772
40.49185013898772
40.49185013898772
40.49185013898772
40.49185013898772
40.49185013898772
40.49185013898772
40.49185013898772
40.834679965348975
41.17085247938414
41.17085247938414
41.82422588765265
42.141892423986945
42.76025603166793
43.35729245403312
43.35729245403312
43.35729245403312
43.35729245403312
43.35729245403312
43.35729245403312
43.35729245403312
43.35729245403312
43.35729245403312
43.35729245403312
43.35729245403312
43.06134780322189
43.06134780322189
43.06134780322189
43.06134780322189
42.76025603166793
42.76025603166793
42.76025603166793
42.76025603166793
42.76025603166793
42.76025603166793
42.76025603166793
43.06134780322189
43.06134780322189
43.06134780322189
43.06134780322189
43.06134780322189
43.06134780322189
43.06134780322189
43.06134780322189
43.06134780322189
43.06134780322189
43.06134780322189
43.06134780322189
43.06134780322189
43.06134780322189
43.06134780322189
43.06134780322189
43.06134780322189
43.06134780322189
43.06134780322189
43.06134780322189
43.06134780322189
43.06134780322189
43.35729245403312
43.06134780322189
43.06134780322189
43.06134780322189
43.06134780322189
43.06134780322189
43.06134780322189
43.06134780322189
42.76025603166793
42.45383492638228
41.50062131644942
41.17085247938414
29.17085247938413
0.0
0.0
0.0
0.0
0.0
0.0
21.815129956695102
40.834679965348975
40.834679965348975
40.834679965348975
41.17085247938414
41.17085247938414
41.17085247938414
41.17085247938414
41.17085247938414
41.17085247938414
41.17085247938414
41.17085247938414
41.17085247938414
41.17085247938414
41.17085247938414
41.17085247938414
41.17085247938414
41.17085247938414
41.17085247938414
41.17085247938414
41.17085247938414
41.17085247938414
41.17085247938414
41.17085247938414
41.17085247938414
41.17085247938414
41.17085247938414
41.17085247938414
41.17085247938414
41.17085247938414
41.17085247938414
41.17085247938414
41.17085247938414
41.17085247938414
41.17085247938414
41.17085247938414
41.17085247938414
41.17085247938414
41.17085247938414
41.17085247938414
41.17085247938414
41.17085247938414
41.17085247938414
41.17085247938414
41.17085247938414
41.17085247938414
41.17085247938414
41.17085247938414
41.50062131644942
41.50062131644942
41.17085247938414
41.17085247938414
40.834679965348975
40.834679965348975
61.16144243264081
0.0
0.0
0.0
0.0
0.0
0.0
0.0
0.0
0.0
0.0
0.0
0.0
58.316972065030626
40.834679965348975
41.17085247938414
40.834679965348975
40.834679965348975
40.834679965348975
40.49185013898772
40.49185013898772
40.49185013898772
40.49185013898772
40.49185013898772
40.49185013898772
40.49185013898772
40.49185013898772
40.49185013898772
40.14209399107353
40.14209399107353
40.14209399107353
40.14209399107353
40.14209399107353
40.14209399107353
40.14209399107353
40.14209399107353
40.14209399107353
40.14209399107353
40.14209399107353
40.14209399107353
40.49185013898772
40.49185013898772
40.49185013898772
40.49185013898772
40.49185013898772
40.49185013898772
40.49185013898772
40.49185013898772
40.49185013898772
40.49185013898772
40.49185013898772
40.14209399107353
40.14209399107353
40.14209399107353
40.49185013898772
40.49185013898772
40.49185013898772
40.49185013898772
40.49185013898772
40.14209399107353
39.7851258703449
39.7851258703449
39.7851258703449
39.7851258703449
39.42064208182268
39.04831933437518
38.66781301764712
38.27875528533859
38.27875528533859
38.27875528533859
38.27875528533859
37.8807529181162
37.8807529181162
37.8807529181162
37.8807529181162
37.8807529181162
37.8807529181162
37.8807529181162
38.27875528533859
38.27875528533859
38.27875528533859
38.27875528533859
38.66781301764712
38.27875528533859
38.27875528533859
38.27875528533859
38.27875528533859
38.27875528533859
38.27875528533859
38.27875528533859
38.27875528533859
38.27875528533859
38.27875528533859
38.27875528533859
38.66781301764712
38.66781301764712
38.66781301764712
38.66781301764712
38.66781301764712
38.27875528533859
38.27875528533859
38.66781301764712
38.66781301764712
38.66781301764712
38.27875528533859
38.27875528533859
38.27875528533859
38.66781301764712
38.66781301764712
38.27875528533859
38.27875528533859
38.27875528533859
38.27875528533859
38.27875528533859
38.27875528533859
38.27875528533859
38.27875528533859
38.27875528533859
38.27875528533859
38.66781301764712
38.66781301764712
38.27875528533859
38.27875528533859
38.66781301764712
38.66781301764712
0.0
0.0
0.0
0.0
0.0
24.628713000339374
0.0
37.47338493503615
0.0
0.0
0.0
0.0
0.0
0.0
0.0
0.0
0.0
0.0
0.0
0.0
0.0
0.0
0.0
0.0
0.0
0.0
0.0
0.0
0.0
0.0
0.0
0.0
0.0
0.0
0.0
0.0
0.0
0.0
0.0
0.0
0.0
0.0
0.0
0.0
0.0
0.0
0.0
0.0
0.0
0.0
0.0
0.0
0.0
0.0
0.0
0.0
42.76025603166793
43.06134780322189
43.35729245403312
43.648263008993254
43.648263008993254
43.35729245403312
43.35729245403312
43.35729245403312
43.35729245403312
43.06134780322189
43.06134780322189
43.06134780322189
43.06134780322189
42.76025603166793
42.76025603166793
42.45383492638228
42.45383492638228
42.45383492638228
42.45383492638228
42.45383492638228
42.45383492638228
42.45383492638228
42.76025603166793
42.76025603166793
42.76025603166793
42.76025603166793
42.76025603166793
42.76025603166793
43.06134780322189
43.06134780322189
43.06134780322189
43.06134780322189
43.06134780322189
43.06134780322189
42.76025603166793
42.76025603166793
42.76025603166793
42.76025603166793
42.76025603166793
42.76025603166793
42.76025603166793
43.06134780322189
43.06134780322189
43.06134780322189
43.06134780322189
43.06134780322189
43.06134780322189
43.06134780322189
43.06134780322189
43.06134780322189
42.76025603166793
42.45383492638228
42.141892423986945
41.82422588765265
41.50062131644942
40.834679965348975
40.49185013898772
40.49185013898772
40.834679965348975
21.815129956695102
0.0
0.0
0.0
38.27875528533859
22.80467587899878
41.17085247938414
41.17085247938414
41.17085247938414
41.17085247938414
41.17085247938414
41.17085247938414
41.17085247938414
41.17085247938414
41.17085247938414
41.17085247938414
41.17085247938414
41.17085247938414
41.17085247938414
41.17085247938414
41.17085247938414
41.17085247938414
41.17085247938414
41.17085247938414
41.50062131644942
41.50062131644942
41.50062131644942
41.50062131644942
41.17085247938414
41.17085247938414
41.17085247938414
41.17085247938414
41.17085247938414
41.17085247938414
41.17085247938414
41.17085247938414
41.17085247938414
41.17085247938414
41.17085247938414
41.17085247938414
41.17085247938414
41.17085247938414
41.17085247938414
41.17085247938414
41.17085247938414
41.17085247938414
41.17085247938414
41.17085247938414
41.17085247938414
41.17085247938414
41.17085247938414
41.50062131644942
41.50062131644942
41.50062131644942
41.50062131644942
41.50062131644942
41.17085247938414
40.834679965348975
40.49185013898772
0.0
57.8151299566951
61.8807529181162
0.0
0.0
0.0
0.0
0.0
0.0
0.0
0.0
0.0
0.0
0.0
41.17085247938414
40.834679965348975
40.834679965348975
40.49185013898772
40.49185013898772
40.49185013898772
40.49185013898772
40.49185013898772
40.49185013898772
40.49185013898772
40.49185013898772
40.49185013898772
40.49185013898772
40.49185013898772
40.49185013898772
40.49185013898772
40.49185013898772
40.14209399107353
40.14209399107353
40.14209399107353
40.14209399107353
40.14209399107353
40.14209399107353
40.14209399107353
40.49185013898772
40.49185013898772
40.49185013898772
40.49185013898772
40.49185013898772
40.49185013898772
40.49185013898772
40.49185013898772
40.49185013898772
40.49185013898772
40.49185013898772
40.49185013898772
40.49185013898772
40.49185013898772
40.49185013898772
40.49185013898772
40.49185013898772
40.49185013898772
40.49185013898772
40.49185013898772
40.49185013898772
40.49185013898772
40.49185013898772
40.14209399107353
40.14209399107353
39.7851258703449
39.42064208182268
39.04831933437518
39.04831933437518
38.66781301764712
38.27875528533859
38.27875528533859
38.27875528533859
37.8807529181162
37.8807529181162
37.8807529181162
38.27875528533859
38.27875528533859
37.8807529181162
37.8807529181162
37.8807529181162
37.8807529181162
38.27875528533859
38.27875528533859
38.27875528533859
38.27875528533859
38.66781301764712
38.66781301764712
38.27875528533859
38.27875528533859
38.27875528533859
38.27875528533859
38.27875528533859
38.66781301764712
38.66781301764712
38.66781301764712
38.66781301764712
38.66781301764712
38.66781301764712
38.66781301764712
38.66781301764712
38.66781301764712
39.04831933437518
38.66781301764712
38.66781301764712
38.66781301764712
38.66781301764712
38.66781301764712
38.66781301764712
38.66781301764712
38.66781301764712
38.66781301764712
38.66781301764712
38.66781301764712
38.66781301764712
38.66781301764712
38.66781301764712
38.66781301764712
38.66781301764712
38.66781301764712
38.66781301764712
39.04831933437518
39.04831933437518
39.42064208182268
39.42064208182268
39.04831933437518
38.66781301764712
38.27875528533859
64.05353962668636
60.41094483981627
64.31785530264634
0.0
0.0
63.964529967936556
64.40507130821481
64.49185013898773
64.49185013898773
64.49185013898773
64.49185013898773
64.40507130821481
60.07906872498188
64.57819615583817
64.57819615583817
0.0
40.834679965348975
40.834679965348975
40.49185013898772
40.49185013898772
40.49185013898772
40.49185013898772
40.14209399107353
40.14209399107353
39.7851258703449
39.7851258703449
39.7851258703449
39.7851258703449
39.7851258703449
39.7851258703449
39.7851258703449
39.7851258703449
39.7851258703449
39.7851258703449
39.7851258703449
39.7851258703449
39.7851258703449
39.7851258703449
39.7851258703449
39.7851258703449
39.7851258703449
40.14209399107353
40.14209399107353
40.14209399107353
39.7851258703449
39.7851258703449
39.7851258703449
39.7851258703449
39.7851258703449
40.14209399107353
40.14209399107353
40.14209399107353
40.14209399107353
39.7851258703449
39.7851258703449
39.7851258703449
40.14209399107353
40.14209399107353
40.14209399107353
40.14209399107353
40.14209399107353
40.14209399107353
40.14209399107353
40.14209399107353
40.49185013898772
40.49185013898772
40.49185013898772
40.49185013898772
40.49185013898772
40.14209399107353
40.14209399107353
40.14209399107353
40.14209399107353
39.7851258703449
39.42064208182268
39.42064208182268
39.04831933437518
39.04831933437518
38.66781301764712
38.27875528533859
38.27875528533859
38.27875528533859
38.27875528533859
38.27875528533859
37.8807529181162
37.8807529181162
38.27875528533859
38.27875528533859
38.27875528533859
38.66781301764712
38.66781301764712
38.66781301764712
38.66781301764712
38.27875528533859
38.27875528533859
38.27875528533859
38.27875528533859
38.27875528533859
38.27875528533859
38.27875528533859
38.27875528533859
38.27875528533859
38.27875528533859
37.8807529181162
37.8807529181162
37.8807529181162
38.66781301764712
39.04831933437518
38.66781301764712
38.27875528533859
38.27875528533859
38.66781301764712
38.66781301764712
38.66781301764712
38.66781301764712
38.66781301764712
38.66781301764712
38.66781301764712
38.66781301764712
38.66781301764712
38.27875528533859
38.27875528533859
38.27875528533859
38.27875528533859
38.27875528533859
38.27875528533859
38.66781301764712
38.66781301764712
38.66781301764712
38.66781301764712
38.66781301764712
38.27875528533859
37.8807529181162
38.27875528533859
26.27875528533859
19.648263008993254
60.73657839906643
61.16144243264081
61.16144243264081
61.16144243264081
17.17085247938413
37.05619991710803
37.47338493503615
0.0
61.8807529181162
38.66781301764712
38.27875528533859
37.47338493503615
37.47338493503615
37.47338493503615
37.05619991710803
37.05619991710803
37.05619991710803
37.05619991710803
37.05619991710803
37.05619991710803
37.05619991710803
37.05619991710803
37.05619991710803
37.05619991710803
37.05619991710803
37.05619991710803
37.05619991710803
37.05619991710803
37.05619991710803
37.05619991710803
37.05619991710803
37.05619991710803
37.05619991710803
37.05619991710803
37.05619991710803
37.05619991710803
37.05619991710803
37.05619991710803
37.05619991710803
37.05619991710803
37.05619991710803
37.05619991710803
37.05619991710803
37.05619991710803
37.05619991710803
37.05619991710803
37.05619991710803
37.05619991710803
37.05619991710803
37.05619991710803
37.05619991710803
37.05619991710803
37.05619991710803
37.05619991710803
37.05619991710803
37.05619991710803
37.05619991710803
37.05619991710803
37.47338493503615
37.47338493503615
37.47338493503615
37.47338493503615
37.05619991710803
37.05619991710803
36.628713000339374
36.190402488038
0.0
0.0
0.0
0.0
0.0
0.0
0.0
0.0
0.0
0.0
0.0
0.0
0.0
0.0
0.0
0.0
0.0
0.0
0.0
0.0
0.0
0.0
0.0
0.0
0.0
0.0
0.0
0.0
0.0
0.0
0.0
0.0
0.0
0.0
0.0
0.0
0.0
0.0
0.0
0.0
0.0
0.0
0.0
0.0
0.0
0.0
0.0
0.0
0.0
0.0
37.8807529181162
0.0
0.0
0.0
0.0
0.0
0.0
0.0
0.0
0.0
0.0
0.0
0.0
0.0
0.0
0.0
0.0
0.0
0.0
0.0
0.0
0.0
0.0
0.0
32.765575861691026
39.7851258703449
40.14209399107353
40.49185013898772
40.834679965348975
41.17085247938414
41.17085247938414
40.834679965348975
40.834679965348975
40.834679965348975
40.834679965348975
40.834679965348975
40.834679965348975
40.834679965348975
40.834679965348975
40.834679965348975
40.834679965348975
40.834679965348975
40.834679965348975
40.834679965348975
40.834679965348975
40.834679965348975
40.834679965348975
40.834679965348975
40.834679965348975
40.834679965348975
41.17085247938414
41.17085247938414
41.17085247938414
41.17085247938414
41.17085247938414
41.17085247938414
41.17085247938414
41.17085247938414
41.17085247938414
41.17085247938414
41.17085247938414
41.17085247938414
41.17085247938414
41.17085247938414
41.17085247938414
41.17085247938414
41.17085247938414
41.17085247938414
41.17085247938414
41.17085247938414
41.17085247938414
41.50062131644942
41.50062131644942
41.50062131644942
41.50062131644942
41.17085247938414
40.834679965348975
40.49185013898772
27.04831933437518
0.0
0.0
63.328309380342674
0.0
0.0
0.0
0.0
0.0
0.0
0.0
0.0
0.0
0.0
0.0
41.17085247938414
41.17085247938414
40.834679965348975
40.834679965348975
40.834679965348975
40.834679965348975
40.49185013898772
40.834679965348975
40.834679965348975
40.834679965348975
40.834679965348975
40.834679965348975
40.834679965348975
40.49185013898772
40.49185013898772
40.49185013898772
40.49185013898772
40.49185013898772
40.49185013898772
40.49185013898772
40.49185013898772
40.49185013898772
40.14209399107353
40.14209399107353
40.49185013898772
40.49185013898772
40.49185013898772
40.49185013898772
40.49185013898772
40.834679965348975
40.834679965348975
40.834679965348975
40.834679965348975
40.834679965348975
40.834679965348975
40.834679965348975
40.834679965348975
40.834679965348975
40.834679965348975
40.834679965348975
40.834679965348975
40.834679965348975
40.834679965348975
40.834679965348975
40.834679965348975
40.834679965348975
41.17085247938414
40.834679965348975
40.834679965348975
40.834679965348975
40.834679965348975
40.49185013898772
40.49185013898772
18.45383492638227
23.74070602301405
0.0
0.0
0.0
0.0
0.0
0.0
0.0
0.0
32.765575861691026
21.815129956695102
40.834679965348975
41.17085247938414
41.50062131644942
41.82422588765265
41.82422588765265
41.82422588765265
41.82422588765265
41.82422588765265
41.82422588765265
41.50062131644942
41.50062131644942
41.50062131644942
41.50062131644942
41.50062131644942
41.50062131644942
41.50062131644942
41.50062131644942
41.50062131644942
41.50062131644942
41.50062131644942
41.50062131644942
41.50062131644942
41.50062131644942
41.50062131644942
41.50062131644942
41.50062131644942
41.17085247938414
41.17085247938414
41.17085247938414
41.17085247938414
41.17085247938414
41.17085247938414
41.17085247938414
41.17085247938414
41.17085247938414
41.17085247938414
41.17085247938414
41.17085247938414
41.17085247938414
41.17085247938414
41.17085247938414
41.17085247938414
41.17085247938414
41.17085247938414
41.17085247938414
41.17085247938414
41.50062131644942
41.50062131644942
41.50062131644942
41.50062131644942
41.50062131644942
40.834679965348975
40.49185013898772
0.0
0.0
0.0
63.964529967936556
63.964529967936556
63.964529967936556
63.964529967936556
64.05353962668636
64.05353962668636
0.0
0.0
0.0
0.0
0.0
0.0
41.17085247938414
40.834679965348975
40.834679965348975
40.49185013898772
40.49185013898772
40.14209399107353
40.14209399107353
40.14209399107353
40.14209399107353
40.14209399107353
40.14209399107353
40.14209399107353
40.14209399107353
40.14209399107353
40.14209399107353
40.49185013898772
40.49185013898772
40.49185013898772
40.834679965348975
40.834679965348975
40.49185013898772
40.49185013898772
40.49185013898772
40.49185013898772
40.49185013898772
40.49185013898772
40.49185013898772
40.49185013898772
40.49185013898772
40.49185013898772
40.49185013898772
40.49185013898772
40.49185013898772
40.49185013898772
40.49185013898772
40.834679965348975
40.834679965348975
40.834679965348975
40.834679965348975
40.834679965348975
40.834679965348975
40.834679965348975
40.834679965348975
40.834679965348975
40.834679965348975
40.834679965348975
40.49185013898772
40.14209399107353
39.04831933437518
22.80467587899878
22.80467587899878
0.0
0.0
0.0
0.0
0.0
17.17085247938413
24.628713000339374
23.74070602301405
30.453834926382278
41.50062131644942
41.50062131644942
41.50062131644942
41.50062131644942
41.50062131644942
41.50062131644942
41.17085247938414
41.17085247938414
41.17085247938414
41.17085247938414
41.17085247938414
41.17085247938414
41.17085247938414
41.17085247938414
41.17085247938414
41.17085247938414
41.17085247938414
41.17085247938414
41.17085247938414
41.17085247938414
41.17085247938414
41.17085247938414
41.17085247938414
41.17085247938414
41.17085247938414
41.17085247938414
41.50062131644942
41.50062131644942
41.50062131644942
41.17085247938414
41.17085247938414
41.17085247938414
41.17085247938414
41.17085247938414
41.17085247938414
41.17085247938414
41.17085247938414
41.17085247938414
41.17085247938414
41.17085247938414
41.17085247938414
41.17085247938414
41.17085247938414
41.17085247938414
41.17085247938414
41.17085247938414
41.17085247938414
41.17085247938414
41.50062131644942
41.50062131644942
41.50062131644942
41.82422588765265
41.82422588765265
42.141892423986945
42.141892423986945
42.141892423986945
42.141892423986945
42.141892423986945
42.141892423986945
42.141892423986945
42.141892423986945
42.45383492638228
42.76025603166793
43.35729245403312
43.648263008993254
43.648263008993254
43.648263008993254
43.648263008993254
43.648263008993254
43.648263008993254
43.35729245403312
43.35729245403312
43.35729245403312
43.35729245403312
43.35729245403312
43.35729245403312
43.35729245403312
43.35729245403312
43.06134780322189
43.06134780322189
43.06134780322189
43.06134780322189
43.06134780322189
43.06134780322189
43.06134780322189
43.06134780322189
43.06134780322189
43.06134780322189
43.06134780322189
43.06134780322189
43.06134780322189
43.06134780322189
43.06134780322189
43.06134780322189
43.06134780322189
43.06134780322189
43.06134780322189
43.06134780322189
43.06134780322189
43.06134780322189
43.06134780322189
43.06134780322189
43.06134780322189
43.06134780322189
43.35729245403312
43.35729245403312
43.35729245403312
43.35729245403312
43.35729245403312
43.35729245403312
43.06134780322189
43.06134780322189
42.76025603166793
42.45383492638228
41.82422588765265
0.0
0.0
0.0
0.0
0.0
0.0
0.0
0.0
0.0
0.0
0.0
0.0
0.0
0.0
0.0
0.0
0.0
41.50062131644942
41.17085247938414
40.834679965348975
40.834679965348975
40.834679965348975
40.834679965348975
40.834679965348975
40.834679965348975
40.834679965348975
40.834679965348975
40.834679965348975
40.49185013898772
40.49185013898772
40.49185013898772
40.49185013898772
40.49185013898772
40.834679965348975
40.834679965348975
40.834679965348975
40.834679965348975
40.834679965348975
40.834679965348975
40.834679965348975
40.834679965348975
40.834679965348975
40.834679965348975
40.834679965348975
40.834679965348975
40.834679965348975
40.834679965348975
40.834679965348975
40.834679965348975
40.834679965348975
40.834679965348975
40.834679965348975
40.834679965348975
40.834679965348975
40.834679965348975
40.834679965348975
40.834679965348975
40.834679965348975
40.49185013898772
40.49185013898772
40.49185013898772
40.49185013898772
40.49185013898772
40.49185013898772
40.49185013898772
40.49185013898772
40.49185013898772
40.834679965348975
41.17085247938414
0.0
0.0
0.0
0.0
0.0
0.0
0.0
0.0
0.0
0.0
0.0
0.0
0.0
0.0
0.0
0.0
0.0
0.0
0.0
0.0
0.0
0.0
0.0
0.0
0.0
0.0
0.0
0.0
0.0
0.0
0.0
0.0
0.0
0.0
0.0
0.0
0.0
0.0
0.0
0.0
0.0
0.0
0.0
0.0
0.0
0.0
39.42064208182268
35.279016249238424
37.47338493503615
37.47338493503615
0.0
0.0
0.0
37.05619991710803
37.8807529181162
37.8807529181162
37.05619991710803
0.0
0.0
0.0
0.0
29.824225887652652
41.50062131644942
41.17085247938414
41.17085247938414
41.17085247938414
41.17085247938414
41.17085247938414
41.17085247938414
41.17085247938414
41.17085247938414
41.17085247938414
41.17085247938414
41.17085247938414
41.17085247938414
40.834679965348975
40.834679965348975
40.834679965348975
41.17085247938414
41.17085247938414
41.17085247938414
41.17085247938414
41.17085247938414
41.17085247938414
41.17085247938414
41.17085247938414
40.834679965348975
40.834679965348975
40.834679965348975
41.17085247938414
41.17085247938414
41.17085247938414
41.17085247938414
41.17085247938414
41.17085247938414
41.17085247938414
41.17085247938414
41.17085247938414
41.17085247938414
41.17085247938414
41.17085247938414
41.17085247938414
41.17085247938414
41.17085247938414
41.17085247938414
41.50062131644942
41.50062131644942
41.50062131644942
41.17085247938414
40.834679965348975
40.49185013898772
41.17085247938414
61.16144243264081
61.47338493503615
61.47338493503615
61.16144243264081
60.95031371246395
64.74960686791314
64.74960686791314
61.37002737137965
61.16144243264081
61.16144243264081
61.16144243264081
64.23019769516755
64.23019769516755
60.41094483981627
37.47338493503615
38.66781301764712
38.66781301764712
37.05619991710803
37.05619991710803
37.05619991710803
37.47338493503615
37.47338493503615
37.47338493503615
37.47338493503615
37.47338493503615
37.47338493503615
37.47338493503615
37.47338493503615
37.47338493503615
37.47338493503615
37.05619991710803
37.05619991710803
37.05619991710803
37.05619991710803
37.05619991710803
37.05619991710803
37.05619991710803
37.05619991710803
37.05619991710803
37.05619991710803
37.05619991710803
37.05619991710803
37.05619991710803
37.47338493503615
37.47338493503615
37.05619991710803
37.05619991710803
37.05619991710803
37.05619991710803
37.05619991710803
37.05619991710803
37.47338493503615
37.47338493503615
37.47338493503615
37.47338493503615
37.47338493503615
37.47338493503615
37.47338493503615
37.47338493503615
37.47338493503615
37.47338493503615
37.8807529181162
37.8807529181162
37.8807529181162
37.8807529181162
37.8807529181162
37.8807529181162
37.8807529181162
37.8807529181162
37.8807529181162
37.8807529181162
25.47338493503615
25.47338493503615
25.47338493503615
25.47338493503615
38.27875528533859
38.66781301764712
39.04831933437518
39.42064208182268
39.04831933437518
39.04831933437518
39.42064208182268
39.42064208182268
39.42064208182268
39.42064208182268
39.42064208182268
39.42064208182268
39.04831933437518
39.04831933437518
39.04831933437518
39.04831933437518
38.66781301764712
38.66781301764712
38.66781301764712
39.04831933437518
39.04831933437518
38.66781301764712
39.04831933437518
39.04831933437518
39.04831933437518
39.04831933437518
39.04831933437518
39.04831933437518
39.04831933437518
39.04831933437518
39.04831933437518
39.04831933437518
39.04831933437518
39.04831933437518
39.04831933437518
39.04831933437518
39.04831933437518
39.04831933437518
39.04831933437518
39.42064208182268
39.42064208182268
39.42064208182268
39.42064208182268
39.42064208182268
39.42064208182268
39.04831933437518
38.27875528533859
37.47338493503615
0.0
0.0
0.0
0.0
0.0
0.0
0.0
0.0
0.0
0.0
0.0
0.0
0.0
0.0
0.0
0.0
0.0
58.44019209047656
41.50062131644942
41.50062131644942
41.50062131644942
41.50062131644942
41.50062131644942
41.50062131644942
41.17085247938414
41.17085247938414
41.17085247938414
41.17085247938414
41.17085247938414
41.17085247938414
41.17085247938414
41.17085247938414
41.17085247938414
41.17085247938414
41.17085247938414
41.17085247938414
41.17085247938414
41.17085247938414
41.17085247938414
41.17085247938414
41.17085247938414
41.17085247938414
41.17085247938414
41.17085247938414
41.17085247938414
41.17085247938414
41.17085247938414
41.17085247938414
41.17085247938414
41.17085247938414
41.17085247938414
41.17085247938414
41.17085247938414
41.17085247938414
41.17085247938414
41.17085247938414
41.17085247938414
41.17085247938414
41.17085247938414
41.17085247938414
41.17085247938414
41.17085247938414
41.17085247938414
41.17085247938414
41.17085247938414
41.17085247938414
40.834679965348975
40.49185013898772
40.49185013898772
41.82422588765265
37.05619991710803
37.47338493503615
37.47338493503615
19.648263008993254
19.648263008993254
18.45383492638227
37.8807529181162
26.27875528533859
38.27875528533859
37.8807529181162
41.17085247938414
41.82422588765265
41.82422588765265
41.82422588765265
41.82422588765265
41.82422588765265
41.82422588765265
41.50062131644942
41.50062131644942
41.50062131644942
41.50062131644942
41.50062131644942
41.50062131644942
41.50062131644942
41.50062131644942
41.50062131644942
41.50062131644942
41.50062131644942
41.50062131644942
41.50062131644942
41.50062131644942
41.50062131644942
41.50062131644942
41.50062131644942
41.50062131644942
41.50062131644942
41.82422588765265
41.82422588765265
41.50062131644942
41.82422588765265
41.82422588765265
41.82422588765265
41.82422588765265
41.82422588765265
41.82422588765265
41.82422588765265
41.82422588765265
41.82422588765265
41.82422588765265
41.82422588765265
41.82422588765265
41.82422588765265
41.82422588765265
