0.0
0.0
0.0
0.0
0.0
0.0
0.0
0.0
0.0
0.0
0.0
0.0
0.0
0.0
0.0
0.0
0.0
43.06134780322189
43.06134780322189
43.06134780322189
42.76025603166793
42.45383492638228
42.141892423986945
42.141892423986945
42.141892423986945
42.141892423986945
42.141892423986945
42.141892423986945
42.141892423986945
41.82422588765265
41.82422588765265
41.82422588765265
42.141892423986945
42.141892423986945
42.141892423986945
42.141892423986945
42.141892423986945
42.141892423986945
42.141892423986945
42.141892423986945
42.141892423986945
42.141892423986945
42.141892423986945
42.141892423986945
42.141892423986945
42.141892423986945
42.141892423986945
42.141892423986945
42.141892423986945
42.141892423986945
42.141892423986945
42.141892423986945
42.141892423986945
42.141892423986945
42.141892423986945
42.141892423986945
42.141892423986945
42.141892423986945
42.141892423986945
42.141892423986945
42.141892423986945
42.141892423986945
42.141892423986945
42.141892423986945
42.141892423986945
42.141892423986945
42.141892423986945
42.141892423986945
42.141892423986945
42.141892423986945
42.141892423986945
41.82422588765265
41.82422588765265
41.82422588765265
41.82422588765265
41.82422588765265
42.141892423986945
42.141892423986945
42.141892423986945
42.141892423986945
42.141892423986945
42.141892423986945
42.141892423986945
42.141892423986945
41.82422588765265
41.50062131644942
41.17085247938414
41.17085247938414
40.834679965348975
40.834679965348975
0.0
0.0
0.0
0.0
0.0
0.0
0.0
0.0
61.57612909707724
61.57612909707724
0.0
62.18010920367897
0.0
0.0
0.0
0.0
0.0
0.0
0.0
0.0
62.08089781187577
0.0
0.0
0.0
0.0
0.0
0.0
61.26604903785413
61.37002737137965
61.57612909707724
41.82422588765265
41.82422588765265
41.82422588765265
41.50062131644942
41.50062131644942
41.50062131644942
41.50062131644942
41.50062131644942
41.50062131644942
41.50062131644942
41.50062131644942
41.50062131644942
41.50062131644942
41.50062131644942
41.50062131644942
41.50062131644942
41.50062131644942
41.50062131644942
41.50062131644942
41.50062131644942
41.50062131644942
41.50062131644942
41.50062131644942
41.50062131644942
41.50062131644942
41.50062131644942
41.50062131644942
41.50062131644942
41.17085247938414
40.834679965348975
40.49185013898772
40.49185013898772
40.49185013898772
0.0
0.0
0.0
0.0
0.0
0.0
0.0
0.0
0.0
43.06134780322189
42.45383492638228
42.76025603166793
42.45383492638228
42.141892423986945
42.141892423986945
42.141892423986945
42.141892423986945
42.45383492638228
42.45383492638228
42.141892423986945
42.141892423986945
42.141892423986945
42.141892423986945
42.45383492638228
42.45383492638228
42.45383492638228
42.45383492638228
42.45383492638228
42.45383492638228
42.45383492638228
42.45383492638228
42.45383492638228
42.45383492638228
42.45383492638228
42.45383492638228
42.45383492638228
42.141892423986945
41.50062131644942
40.49185013898772
40.14209399107353
41.82422588765265
0.0
63.42064208182268
64.05353962668636
63.964529967936556
63.87506030890799
63.87506030890799
63.694721798120014
64.49185013898773
0.0
64.23019769516755
0.0
0.0
63.87506030890799
0.0
60.843775896306525
64.31785530264634
64.57819615583817
64.57819615583817
64.57819615583817
64.23019769516755
64.23019769516755
41.50062131644942
41.50062131644942
41.82422588765265
41.50062131644942
41.50062131644942
41.50062131644942
41.50062131644942
41.50062131644942
41.50062131644942
41.50062131644942
41.82422588765265
41.82422588765265
41.82422588765265
41.82422588765265
41.82422588765265
41.82422588765265
41.82422588765265
41.82422588765265
41.82422588765265
41.82422588765265
41.82422588765265
41.82422588765265
41.82422588765265
41.82422588765265
41.82422588765265
41.82422588765265
41.82422588765265
41.82422588765265
41.82422588765265
41.82422588765265
41.82422588765265
41.82422588765265
41.82422588765265
41.82422588765265
41.82422588765265
41.82422588765265
42.141892423986945
42.141892423986945
42.141892423986945
42.141892423986945
42.141892423986945
41.82422588765265
41.50062131644942
40.834679965348975
40.49185013898772
40.834679965348975
0.0
0.0
0.0
0.0
0.0
0.0
0.0
0.0
30.453834926382278
42.76025603166793
42.76025603166793
42.45383492638228
42.45383492638228
42.45383492638228
42.141892423986945
42.45383492638228
42.45383492638228
42.45383492638228
42.141892423986945
42.45383492638228
42.141892423986945
42.141892423986945
42.141892423986945
42.141892423986945
42.141892423986945
41.82422588765265
41.82422588765265
41.82422588765265
41.82422588765265
41.82422588765265
41.82422588765265
41.82422588765265
42.141892423986945
42.141892423986945
42.141892423986945
42.141892423986945
42.141892423986945
42.45383492638228
42.45383492638228
42.45383492638228
42.45383492638228
42.45383492638228
42.45383492638228
42.45383492638228
42.45383492638228
42.45383492638228
42.45383492638228
42.45383492638228
42.45383492638228
42.45383492638228
42.45383492638228
42.45383492638228
42.45383492638228
42.45383492638228
42.45383492638228
42.45383492638228
42.45383492638228
42.45383492638228
42.45383492638228
42.76025603166793
42.76025603166793
42.76025603166793
42.76025603166793
43.06134780322189
43.35729245403312
43.648263008993254
43.93442391244566
43.93442391244566
44.215931586333525
44.215931586333525
44.215931586333525
44.49293494369003
44.49293494369003
44.49293494369003
44.49293494369003
44.49293494369003
44.49293494369003
44.49293494369003
44.49293494369003
44.49293494369003
44.49293494369003
44.49293494369003
44.49293494369003
44.215931586333525
44.215931586333525
44.49293494369003
44.49293494369003
44.49293494369003
44.49293494369003
44.215931586333525
44.215931586333525
44.215931586333525
44.215931586333525
44.215931586333525
44.215931586333525
44.215931586333525
44.215931586333525
44.215931586333525
44.215931586333525
43.93442391244566
43.648263008993254
43.35729245403312
61.7798060403218
62.5713651888621
0.0
0.0
61.67826709534344
61.67826709534344
62.859111544075375
0.0
0.0
0.0
62.18010920367897
61.7798060403218
61.7798060403218
0.0
0.0
61.981114593331725
62.27875528533859
0.0
0.0
0.0
61.16144243264081
61.37002737137965
61.37002737137965
61.57612909707724
0.0
60.07906872498188
63.964529967936556
60.95031371246395
41.50062131644942
41.82422588765265
41.82422588765265
41.82422588765265
41.82422588765265
41.82422588765265
41.82422588765265
41.50062131644942
41.50062131644942
41.50062131644942
41.50062131644942
41.50062131644942
41.50062131644942
41.50062131644942
41.50062131644942
41.50062131644942
41.50062131644942
41.50062131644942
41.50062131644942
41.50062131644942
41.50062131644942
41.50062131644942
41.82422588765265
41.82422588765265
41.82422588765265
41.82422588765265
41.82422588765265
41.82422588765265
41.82422588765265
41.82422588765265
41.82422588765265
41.82422588765265
41.82422588765265
41.82422588765265
41.82422588765265
41.82422588765265
41.82422588765265
41.82422588765265
41.82422588765265
41.82422588765265
41.82422588765265
41.82422588765265
41.82422588765265
41.82422588765265
41.82422588765265
41.82422588765265
41.82422588765265
41.82422588765265
41.82422588765265
41.82422588765265
41.82422588765265
41.82422588765265
41.82422588765265
41.82422588765265
41.82422588765265
41.82422588765265
41.82422588765265
41.82422588765265
41.82422588765265
41.82422588765265
41.82422588765265
41.82422588765265
41.82422588765265
41.82422588765265
41.82422588765265
41.82422588765265
41.82422588765265
41.82422588765265
41.82422588765265
41.82422588765265
41.82422588765265
41.82422588765265
41.82422588765265
41.82422588765265
41.82422588765265
41.82422588765265
41.82422588765265
41.82422588765265
41.82422588765265
41.82422588765265
41.82422588765265
41.82422588765265
41.82422588765265
41.82422588765265
41.82422588765265
41.82422588765265
41.82422588765265
41.82422588765265
41.82422588765265
41.82422588765265
41.82422588765265
41.82422588765265
41.82422588765265
41.82422588765265
41.82422588765265
41.82422588765265
41.82422588765265
41.82422588765265
42.141892423986945
42.141892423986945
42.141892423986945
42.141892423986945
42.141892423986945
42.141892423986945
42.141892423986945
42.141892423986945
42.141892423986945
41.82422588765265
41.82422588765265
41.50062131644942
41.17085247938414
41.17085247938414
41.17085247938414
41.17085247938414
41.17085247938414
41.17085247938414
41.17085247938414
0.0
0.0
0.0
0.0
0.0
0.0
0.0
0.0
0.0
0.0
0.0
0.0
0.0
0.0
0.0
0.0
0.0
0.0
0.0
0.0
0.0
0.0
0.0
0.0
0.0
0.0
0.0
0.0
0.0
0.0
0.0
0.0
0.0
0.0
46.06786934302906
43.06134780322189
43.06134780322189
43.35729245403312
46.06786934302906
54.911456473023534
43.648263008993254
43.648263008993254
43.648263008993254
43.93442391244566
42.45383492638228
43.06134780322189
43.35729245403312
43.35729245403312
45.8151299566951
45.8151299566951
0.0
0.0
0.0
0.0
0.0
0.0
0.0
0.0
0.0
0.0
0.0
0.0
0.0
0.0
0.0
0.0
0.0
0.0
0.0
0.0
0.0
0.0
30.453834926382278
43.06134780322189
43.35729245403312
43.06134780322189
43.06134780322189
43.06134780322189
43.06134780322189
43.06134780322189
42.76025603166793
42.45383492638228
42.45383492638228
42.45383492638228
42.45383492638228
42.141892423986945
42.141892423986945
42.45383492638228
41.82422588765265
42.141892423986945
42.141892423986945
42.141892423986945
41.82422588765265
42.141892423986945
42.141892423986945
42.141892423986945
42.141892423986945
42.141892423986945
42.141892423986945
42.141892423986945
42.141892423986945
42.141892423986945
42.141892423986945
42.141892423986945
42.45383492638228
42.45383492638228
42.45383492638228
42.45383492638228
42.45383492638228
42.45383492638228
42.45383492638228
42.141892423986945
42.141892423986945
42.141892423986945
42.141892423986945
42.141892423986945
42.141892423986945
42.141892423986945
42.141892423986945
42.141892423986945
42.141892423986945
42.141892423986945
42.141892423986945
42.141892423986945
42.141892423986945
42.141892423986945
42.141892423986945
42.141892423986945
42.141892423986945
42.141892423986945
42.141892423986945
42.141892423986945
42.141892423986945
42.141892423986945
42.141892423986945
42.141892423986945
42.45383492638228
42.45383492638228
42.45383492638228
42.76025603166793
42.76025603166793
43.06134780322189
43.06134780322189
42.76025603166793
42.45383492638228
42.141892423986945
42.45383492638228
0.0
0.0
0.0
0.0
0.0
0.0
0.0
0.0
0.0
0.0
0.0
0.0
0.0
0.0
0.0
0.0
0.0
0.0
45.8151299566951
45.8151299566951
45.8151299566951
45.8151299566951
46.06786934302906
46.06786934302906
45.8151299566951
45.8151299566951
46.06786934302906
46.06786934302906
46.06786934302906
46.06786934302906
46.316972065030626
46.316972065030626
46.316972065030626
46.316972065030626
46.316972065030626
46.316972065030626
46.316972065030626
46.316972065030626
46.316972065030626
46.06786934302906
46.06786934302906
46.06786934302906
46.06786934302906
46.06786934302906
46.06786934302906
46.06786934302906
46.06786934302906
46.06786934302906
46.06786934302906
46.06786934302906
46.06786934302906
46.06786934302906
46.06786934302906
46.06786934302906
45.8151299566951
45.8151299566951
45.55864614718429
45.29830529399247
45.03398961803248
44.76557586169103
44.49293494369003
44.215931586333525
44.215931586333525
43.93442391244566
43.93442391244566
43.93442391244566
43.648263008993254
43.648263008993254
43.648263008993254
43.648263008993254
43.648263008993254
43.35729245403312
43.35729245403312
43.648263008993254
43.648263008993254
43.648263008993254
43.648263008993254
43.648263008993254
43.648263008993254
43.648263008993254
43.648263008993254
43.648263008993254
43.648263008993254
43.648263008993254
43.648263008993254
43.648263008993254
43.648263008993254
43.93442391244566
43.93442391244566
43.93442391244566
43.93442391244566
43.93442391244566
43.93442391244566
43.93442391244566
43.93442391244566
43.93442391244566
43.93442391244566
43.93442391244566
43.93442391244566
43.93442391244566
43.93442391244566
43.648263008993254
43.648263008993254
43.648263008993254
43.648263008993254
43.35729245403312
43.06134780322189
42.76025603166793
42.45383492638228
41.50062131644942
41.17085247938414
0.0
0.0
0.0
0.0
0.0
0.0
0.0
39.7851258703449
42.141892423986945
42.141892423986945
42.141892423986945
42.141892423986945
42.141892423986945
41.82422588765265
41.82422588765265
41.82422588765265
41.82422588765265
42.141892423986945
42.141892423986945
42.141892423986945
42.141892423986945
42.141892423986945
42.141892423986945
42.45383492638228
42.45383492638228
42.45383492638228
42.45383492638228
42.141892423986945
42.45383492638228
42.45383492638228
42.45383492638228
42.45383492638228
42.45383492638228
42.45383492638228
42.45383492638228
42.45383492638228
42.45383492638228
42.45383492638228
42.45383492638228
42.45383492638228
42.45383492638228
42.45383492638228
42.45383492638228
42.45383492638228
42.45383492638228
42.45383492638228
42.45383492638228
42.45383492638228
42.45383492638228
42.45383492638228
42.45383492638228
42.45383492638228
42.45383492638228
42.45383492638228
42.141892423986945
41.82422588765265
40.49185013898772
58.92448494187025
0.0
0.0
0.0
0.0
0.0
0.0
0.0
0.0
0.0
0.0
0.0
0.0
60.52017132510329
64.31785530264634
63.14215338788678
63.14215338788678
59.1616439997274
59.1616439997274
41.50062131644942
41.50062131644942
41.50062131644942
41.50062131644942
41.50062131644942
41.50062131644942
41.50062131644942
41.50062131644942
41.50062131644942
41.50062131644942
41.50062131644942
41.50062131644942
41.17085247938414
41.17085247938414
41.17085247938414
41.17085247938414
41.17085247938414
41.17085247938414
41.50062131644942
41.50062131644942
41.50062131644942
41.50062131644942
41.50062131644942
41.50062131644942
41.50062131644942
41.50062131644942
41.50062131644942
41.50062131644942
41.50062131644942
41.50062131644942
41.50062131644942
41.50062131644942
41.50062131644942
41.50062131644942
41.50062131644942
41.50062131644942
41.50062131644942
41.50062131644942
41.50062131644942
41.50062131644942
41.50062131644942
41.50062131644942
41.50062131644942
41.50062131644942
41.50062131644942
41.50062131644942
41.50062131644942
41.50062131644942
41.50062131644942
41.50062131644942
41.50062131644942
41.17085247938414
40.834679965348975
40.834679965348975
40.49185013898772
40.49185013898772
40.14209399107353
40.14209399107353
40.14209399107353
39.7851258703449
39.7851258703449
39.7851258703449
39.7851258703449
39.7851258703449
40.14209399107353
39.7851258703449
39.42064208182268
39.42064208182268
39.7851258703449
39.7851258703449
39.7851258703449
39.7851258703449
39.7851258703449
39.7851258703449
39.7851258703449
39.7851258703449
39.7851258703449
39.7851258703449
39.7851258703449
39.7851258703449
39.7851258703449
39.7851258703449
40.14209399107353
40.14209399107353
40.14209399107353
40.14209399107353
40.14209399107353
40.14209399107353
40.14209399107353
40.14209399107353
40.14209399107353
40.14209399107353
39.7851258703449
39.7851258703449
39.7851258703449
39.7851258703449
39.7851258703449
39.7851258703449
39.7851258703449
39.7851258703449
39.7851258703449
39.7851258703449
39.7851258703449
39.7851258703449
39.7851258703449
39.7851258703449
39.7851258703449
39.7851258703449
39.7851258703449
39.42064208182268
39.42064208182268
39.04831933437518
38.27875528533859
64.74960686791314
64.74960686791314
53.17085247938414
53.17085247938414
0.0
53.00358218788965
40.834679965348975
63.7851258703449
0.0
0.0
63.5124849523439
0.0
62.5713651888621
62.95397392109953
0.0
64.83467996534898
64.83467996534898
64.66411365471257
64.74960686791314
64.66411365471257
26.27875528533859
39.04831933437518
38.66781301764712
38.27875528533859
38.27875528533859
38.27875528533859
37.8807529181162
37.47338493503615
37.47338493503615
37.47338493503615
37.47338493503615
37.47338493503615
37.47338493503615
37.47338493503615
37.47338493503615
37.47338493503615
37.47338493503615
37.47338493503615
37.47338493503615
37.8807529181162
37.8807529181162
37.8807529181162
38.27875528533859
38.27875528533859
38.27875528533859
38.27875528533859
38.66781301764712
38.66781301764712
38.66781301764712
38.66781301764712
38.66781301764712
38.66781301764712
39.04831933437518
39.04831933437518
39.42064208182268
39.42064208182268
39.7851258703449
40.14209399107353
40.49185013898772
40.834679965348975
41.17085247938414
41.82422588765265
42.45383492638228
43.06134780322189
43.35729245403312
43.35729245403312
43.35729245403312
43.35729245403312
43.648263008993254
43.648263008993254
43.648263008993254
43.648263008993254
43.648263008993254
43.648263008993254
43.648263008993254
43.648263008993254
43.648263008993254
43.648263008993254
43.648263008993254
43.648263008993254
43.648263008993254
43.648263008993254
43.648263008993254
43.648263008993254
43.648263008993254
43.648263008993254
43.35729245403312
43.35729245403312
43.06134780322189
41.50062131644942
40.14209399107353
0.0
0.0
0.0
0.0
0.0
0.0
30.453834926382278
42.45383492638228
42.141892423986945
41.82422588765265
41.82422588765265
41.82422588765265
41.82422588765265
41.82422588765265
42.141892423986945
42.141892423986945
42.141892423986945
42.141892423986945
42.141892423986945
42.141892423986945
42.141892423986945
42.141892423986945
42.141892423986945
42.141892423986945
42.141892423986945
42.141892423986945
42.76025603166793
42.76025603166793
42.76025603166793
42.45383492638228
42.45383492638228
42.45383492638228
42.45383492638228
42.45383492638228
42.45383492638228
42.45383492638228
42.45383492638228
42.141892423986945
40.14209399107353
39.7851258703449
0.0
0.0
0.0
0.0
0.0
0.0
0.0
64.74960686791314
64.74960686791314
0.0
63.235481594987405
63.42064208182268
63.42064208182268
0.0
62.859111544075375
62.859111544075375
62.859111544075375
62.763726506689494
62.763726506689494
0.0
41.82422588765265
41.82422588765265
41.50062131644942
41.50062131644942
41.50062131644942
41.50062131644942
41.50062131644942
41.50062131644942
41.50062131644942
41.50062131644942
41.50062131644942
41.50062131644942
41.50062131644942
41.17085247938414
41.17085247938414
41.50062131644942
41.50062131644942
41.50062131644942
41.50062131644942
41.50062131644942
41.50062131644942
41.50062131644942
41.50062131644942
41.50062131644942
41.82422588765265
41.82422588765265
41.82422588765265
41.82422588765265
41.82422588765265
41.82422588765265
41.82422588765265
41.82422588765265
41.82422588765265
41.82422588765265
42.141892423986945
42.141892423986945
42.45383492638228
42.141892423986945
42.141892423986945
42.45383492638228
42.76025603166793
43.35729245403312
43.93442391244566
44.215931586333525
44.49293494369003
44.49293494369003
44.49293494369003
44.49293494369003
44.49293494369003
44.49293494369003
44.49293494369003
44.49293494369003
44.49293494369003
44.49293494369003
44.76557586169103
44.76557586169103
44.76557586169103
44.49293494369003
44.49293494369003
44.49293494369003
44.49293494369003
44.49293494369003
44.49293494369003
44.215931586333525
44.215931586333525
44.215931586333525
44.215931586333525
44.215931586333525
44.215931586333525
44.215931586333525
44.215931586333525
44.215931586333525
44.215931586333525
44.215931586333525
44.215931586333525
43.93442391244566
43.648263008993254
43.35729245403312
43.35729245403312
44.215931586333525
0.0
0.0
0.0
0.0
0.0
0.0
0.0
0.0
0.0
0.0
0.0
0.0
27.7851258703449
30.453834926382278
42.76025603166793
42.76025603166793
42.45383492638228
42.141892423986945
42.141892423986945
42.141892423986945
42.141892423986945
42.141892423986945
42.141892423986945
42.141892423986945
42.141892423986945
42.141892423986945
42.141892423986945
42.141892423986945
42.141892423986945
42.141892423986945
42.141892423986945
42.141892423986945
42.141892423986945
42.141892423986945
42.141892423986945
42.141892423986945
42.45383492638228
42.45383492638228
42.45383492638228
42.45383492638228
42.45383492638228
42.45383492638228
42.45383492638228
42.45383492638228
42.45383492638228
42.45383492638228
42.45383492638228
42.45383492638228
42.45383492638228
42.45383492638228
42.141892423986945
41.82422588765265
40.14209399107353
0.0
61.67826709534344
61.7798060403218
0.0
0.0
62.95397392109953
0.0
63.14215338788678
63.14215338788678
63.14215338788678
63.14215338788678
63.14215338788678
0.0
0.0
0.0
63.04831933437518
62.95397392109953
0.0
0.0
0.0
61.67826709534344
61.67826709534344
61.67826709534344
0.0
0.0
41.50062131644942
41.50062131644942
41.82422588765265
41.82422588765265
41.50062131644942
41.50062131644942
41.50062131644942
41.50062131644942
41.50062131644942
41.50062131644942
41.50062131644942
41.50062131644942
41.50062131644942
41.50062131644942
41.50062131644942
41.50062131644942
41.50062131644942
41.50062131644942
41.50062131644942
41.50062131644942
41.50062131644942
41.50062131644942
41.50062131644942
41.50062131644942
41.82422588765265
41.82422588765265
41.82422588765265
41.82422588765265
41.82422588765265
41.82422588765265
41.82422588765265
41.82422588765265
41.82422588765265
41.82422588765265
41.82422588765265
41.82422588765265
41.82422588765265
41.82422588765265
41.82422588765265
41.50062131644942
41.50062131644942
41.50062131644942
41.17085247938414
41.17085247938414
41.17085247938414
40.834679965348975
40.834679965348975
40.834679965348975
40.834679965348975
40.834679965348975
40.834679965348975
40.49185013898772
40.49185013898772
40.49185013898772
40.49185013898772
40.14209399107353
40.14209399107353
40.14209399107353
40.14209399107353
39.7851258703449
39.7851258703449
39.7851258703449
39.7851258703449
40.14209399107353
40.14209399107353
39.7851258703449
39.7851258703449
39.7851258703449
39.42064208182268
39.42064208182268
39.42064208182268
39.42064208182268
39.42064208182268
39.7851258703449
39.7851258703449
39.42064208182268
39.42064208182268
39.42064208182268
39.7851258703449
39.7851258703449
39.7851258703449
39.7851258703449
39.42064208182268
39.42064208182268
39.7851258703449
39.7851258703449
39.42064208182268
39.42064208182268
39.42064208182268
39.42064208182268
39.42064208182268
39.42064208182268
39.42064208182268
39.42064208182268
39.42064208182268
39.42064208182268
39.42064208182268
39.42064208182268
39.42064208182268
39.42064208182268
39.42064208182268
39.7851258703449
39.7851258703449
39.7851258703449
39.7851258703449
39.7851258703449
39.7851258703449
39.7851258703449
39.7851258703449
39.7851258703449
39.7851258703449
39.7851258703449
39.7851258703449
39.7851258703449
39.7851258703449
39.7851258703449
39.7851258703449
39.42064208182268
39.42064208182268
39.42064208182268
39.42064208182268
39.42064208182268
39.42064208182268
39.7851258703449
39.7851258703449
39.7851258703449
39.7851258703449
39.7851258703449
39.7851258703449
39.7851258703449
39.7851258703449
39.7851258703449
39.7851258703449
39.7851258703449
39.7851258703449
39.7851258703449
39.7851258703449
39.7851258703449
39.7851258703449
39.7851258703449
39.7851258703449
39.7851258703449
39.7851258703449
39.7851258703449
39.7851258703449
39.42064208182268
39.42064208182268
39.42064208182268
39.7851258703449
39.7851258703449
40.14209399107353
0.0
0.0
0.0
0.0
0.0
0.0
0.0
0.0
0.0
0.0
0.0
0.0
0.0
0.0
0.0
0.0
0.0
0.0
0.0
0.0
0.0
0.0
0.0
0.0
0.0
0.0
0.0
0.0
0.0
0.0
0.0
0.0
0.0
0.0
0.0
0.0
0.0
0.0
0.0
0.0
0.0
0.0
0.0
0.0
0.0
0.0
0.0
0.0
0.0
0.0
0.0
0.0
0.0
0.0
48.190402488038
0.0
0.0
0.0
0.0
0.0
0.0
0.0
0.0
0.0
0.0
0.0
0.0
0.0
0.0
0.0
0.0
0.0
0.0
0.0
0.0
0.0
0.0
44.76557586169103
45.03398961803248
45.03398961803248
45.03398961803248
44.76557586169103
44.49293494369003
44.49293494369003
44.215931586333525
44.215931586333525
43.93442391244566
43.93442391244566
43.648263008993254
43.648263008993254
43.648263008993254
43.648263008993254
43.648263008993254
43.35729245403312
43.35729245403312
43.35729245403312
43.35729245403312
43.35729245403312
43.648263008993254
43.648263008993254
43.648263008993254
43.648263008993254
43.648263008993254
43.648263008993254
43.648263008993254
43.648263008993254
43.648263008993254
43.648263008993254
43.648263008993254
43.648263008993254
43.648263008993254
43.648263008993254
43.06134780322189
42.76025603166793
42.141892423986945
41.50062131644942
41.17085247938414
40.834679965348975
0.0
0.0
0.0
0.0
31.648263008993247
42.76025603166793
42.45383492638228
42.45383492638228
42.45383492638228
42.45383492638228
42.45383492638228
42.45383492638228
42.141892423986945
42.141892423986945
42.45383492638228
42.45383492638228
42.45383492638228
42.45383492638228
42.45383492638228
42.45383492638228
42.45383492638228
42.45383492638228
42.141892423986945
42.45383492638228
42.45383492638228
42.45383492638228
42.45383492638228
42.45383492638228
42.45383492638228
42.45383492638228
42.45383492638228
42.45383492638228
42.45383492638228
42.45383492638228
42.45383492638228
42.45383492638228
42.45383492638228
42.45383492638228
42.45383492638228
42.45383492638228
42.76025603166793
42.76025603166793
42.45383492638228
42.141892423986945
40.49185013898772
0.0
0.0
0.0
0.0
0.0
0.0
0.0
0.0
0.0
0.0
0.0
0.0
0.0
60.628713000339374
63.5124849523439
63.42064208182268
29.17085247938413
41.50062131644942
41.82422588765265
41.82422588765265
41.82422588765265
41.82422588765265
41.82422588765265
41.50062131644942
41.50062131644942
41.50062131644942
41.50062131644942
41.50062131644942
41.50062131644942
41.50062131644942
41.50062131644942
41.50062131644942
41.50062131644942
41.50062131644942
41.50062131644942
41.50062131644942
41.50062131644942
41.50062131644942
41.50062131644942
41.50062131644942
41.50062131644942
41.50062131644942
41.50062131644942
41.50062131644942
41.50062131644942
41.50062131644942
41.50062131644942
41.50062131644942
41.50062131644942
41.50062131644942
41.50062131644942
41.50062131644942
41.17085247938414
41.17085247938414
41.17085247938414
41.17085247938414
40.834679965348975
40.834679965348975
40.834679965348975
40.49185013898772
40.49185013898772
40.14209399107353
40.14209399107353
39.7851258703449
39.7851258703449
39.7851258703449
39.42064208182268
39.42064208182268
39.42064208182268
39.42064208182268
39.7851258703449
39.7851258703449
39.7851258703449
40.14209399107353
40.14209399107353
40.14209399107353
40.14209399107353
40.14209399107353
40.14209399107353
40.14209399107353
39.7851258703449
39.7851258703449
39.7851258703449
39.7851258703449
39.7851258703449
39.7851258703449
39.7851258703449
39.7851258703449
39.7851258703449
39.7851258703449
39.7851258703449
39.7851258703449
39.7851258703449
39.7851258703449
40.14209399107353
40.14209399107353
40.14209399107353
40.14209399107353
40.14209399107353
40.14209399107353
40.14209399107353
40.14209399107353
40.14209399107353
40.14209399107353
40.14209399107353
40.14209399107353
40.14209399107353
40.14209399107353
40.14209399107353
40.14209399107353
40.14209399107353
40.14209399107353
40.14209399107353
40.14209399107353
40.14209399107353
40.14209399107353
40.14209399107353
40.14209399107353
40.49185013898772
64.74960686791314
61.37002737137965
61.47338493503615
61.57612909707724
61.67826709534344
0.0
61.7798060403218
61.67826709534344
62.08089781187577
61.981114593331725
61.981114593331725
61.05619991710803
0.0
61.7798060403218
61.7798060403218
0.0
0.0
64.57819615583817
64.23019769516755
60.07906872498188
0.0
0.0
41.82422588765265
41.82422588765265
42.141892423986945
42.141892423986945
42.141892423986945
42.141892423986945
42.141892423986945
42.141892423986945
41.82422588765265
41.82422588765265
41.82422588765265
41.82422588765265
41.82422588765265
41.82422588765265
41.82422588765265
41.82422588765265
41.82422588765265
41.82422588765265
41.82422588765265
41.82422588765265
41.82422588765265
41.82422588765265
41.82422588765265
41.82422588765265
41.82422588765265
41.82422588765265
41.82422588765265
41.82422588765265
41.82422588765265
41.82422588765265
41.82422588765265
41.50062131644942
41.50062131644942
41.50062131644942
41.17085247938414
41.17085247938414
41.17085247938414
40.834679965348975
40.834679965348975
40.49185013898772
40.14209399107353
40.14209399107353
39.7851258703449
39.7851258703449
39.7851258703449
39.7851258703449
39.7851258703449
39.42064208182268
39.42064208182268
39.42064208182268
39.42064208182268
39.42064208182268
39.7851258703449
39.7851258703449
39.7851258703449
39.7851258703449
40.14209399107353
39.7851258703449
39.7851258703449
39.7851258703449
39.7851258703449
39.7851258703449
39.7851258703449
39.7851258703449
39.7851258703449
39.7851258703449
39.7851258703449
39.7851258703449
39.7851258703449
39.7851258703449
39.7851258703449
39.7851258703449
39.7851258703449
39.7851258703449
40.14209399107353
40.14209399107353
40.14209399107353
40.14209399107353
40.49185013898772
40.49185013898772
40.14209399107353
40.14209399107353
39.7851258703449
40.49185013898772
40.834679965348975
40.14209399107353
39.7851258703449
39.7851258703449
39.04831933437518
64.14209399107352
64.83467996534898
64.83467996534898
0.0
64.66411365471257
26.27875528533859
26.27875528533859
38.66781301764712
64.74960686791314
64.57819615583817
0.0
64.57819615583817
64.83467996534898
64.83467996534898
0.0
64.83467996534898
64.83467996534898
64.66411365471257
64.57819615583817
31.061347803221892
0.0
39.7851258703449
39.42064208182268
39.04831933437518
38.66781301764712
38.66781301764712
38.27875528533859
38.27875528533859
38.27875528533859
38.27875528533859
38.27875528533859
38.27875528533859
38.27875528533859
38.27875528533859
38.27875528533859
38.27875528533859
38.27875528533859
38.27875528533859
38.27875528533859
38.27875528533859
38.27875528533859
38.27875528533859
38.27875528533859
37.8807529181162
37.8807529181162
37.8807529181162
37.8807529181162
37.8807529181162
37.8807529181162
38.27875528533859
38.27875528533859
38.27875528533859
38.27875528533859
38.27875528533859
38.27875528533859
38.27875528533859
38.27875528533859
38.27875528533859
38.27875528533859
38.27875528533859
38.27875528533859
38.27875528533859
38.27875528533859
38.27875528533859
38.27875528533859
38.27875528533859
38.27875528533859
37.8807529181162
37.8807529181162
37.8807529181162
37.8807529181162
37.8807529181162
37.8807529181162
38.27875528533859
38.27875528533859
38.27875528533859
38.27875528533859
38.27875528533859
38.27875528533859
38.27875528533859
38.27875528533859
38.27875528533859
38.27875528533859
38.27875528533859
38.27875528533859
38.27875528533859
38.27875528533859
38.27875528533859
38.27875528533859
38.27875528533859
38.27875528533859
38.27875528533859
38.27875528533859
38.27875528533859
37.8807529181162
38.27875528533859
38.27875528533859
38.27875528533859
38.27875528533859
38.27875528533859
38.27875528533859
38.27875528533859
38.27875528533859
38.27875528533859
38.27875528533859
38.66781301764712
38.66781301764712
38.66781301764712
38.66781301764712
38.66781301764712
38.66781301764712
38.66781301764712
38.66781301764712
38.66781301764712
38.27875528533859
38.27875528533859
38.27875528533859
38.27875528533859
38.27875528533859
38.27875528533859
38.27875528533859
37.8807529181162
37.8807529181162
37.8807529181162
37.8807529181162
37.8807529181162
38.27875528533859
38.27875528533859
0.0
0.0
0.0
0.0
0.0
0.0
0.0
0.0
0.0
0.0
0.0
0.0
0.0
0.0
0.0
0.0
0.0
0.0
0.0
0.0
0.0
0.0
0.0
0.0
0.0
0.0
0.0
0.0
0.0
0.0
0.0
29.17085247938413
47.04347056825124
30.453834926382278
49.26604903785413
49.26604903785413
43.93442391244566
45.8151299566951
43.35729245403312
59.96701435002984
0.0
43.93442391244566
43.93442391244566
0.0
59.62643273359197
42.76025603166793
42.76025603166793
42.141892423986945
41.82422588765265
43.06134780322189
58.92448494187025
43.648263008993254
43.93442391244566
45.8151299566951
62.08089781187577
62.08089781187577
0.0
0.0
0.0
0.0
0.0
0.0
0.0
0.0
0.0
0.0
0.0
0.0
0.0
0.0
0.0
0.0
0.0
0.0
33.29830529399247
43.35729245403312
43.648263008993254
43.648263008993254
43.648263008993254
43.35729245403312
43.06134780322189
43.06134780322189
42.76025603166793
42.76025603166793
42.76025603166793
42.45383492638228
42.45383492638228
42.45383492638228
42.45383492638228
42.45383492638228
42.45383492638228
42.45383492638228
42.45383492638228
42.45383492638228
42.76025603166793
42.76025603166793
42.76025603166793
42.76025603166793
42.76025603166793
42.76025603166793
42.76025603166793
42.76025603166793
42.76025603166793
42.76025603166793
42.76025603166793
42.76025603166793
42.76025603166793
42.76025603166793
42.76025603166793
42.76025603166793
42.76025603166793
42.76025603166793
42.76025603166793
42.76025603166793
42.76025603166793
42.76025603166793
42.76025603166793
42.76025603166793
42.76025603166793
42.76025603166793
42.76025603166793
43.06134780322189
43.06134780322189
43.06134780322189
43.06134780322189
43.06134780322189
43.06134780322189
43.648263008993254
43.93442391244566
63.42064208182268
0.0
0.0
0.0
0.0
63.04831933437518
61.47338493503615
61.47338493503615
64.49185013898773
60.628713000339374
64.49185013898773
0.0
64.31785530264634
63.5124849523439
0.0
0.0
0.0
0.0
63.964529967936556
0.0
0.0
0.0
61.37002737137965
61.37002737137965
61.47338493503615
64.05353962668636
64.31785530264634
64.23019769516755
64.49185013898773
60.301024848390554
63.6038431616624
60.843775896306525
64.74960686791314
42.45383492638228
42.45383492638228
42.141892423986945
42.141892423986945
42.141892423986945
41.82422588765265
41.82422588765265
41.82422588765265
41.82422588765265
41.82422588765265
41.82422588765265
41.82422588765265
41.82422588765265
41.82422588765265
41.82422588765265
41.82422588765265
41.82422588765265
41.82422588765265
41.82422588765265
41.82422588765265
41.82422588765265
41.82422588765265
42.141892423986945
42.141892423986945
42.141892423986945
42.141892423986945
42.141892423986945
42.141892423986945
42.141892423986945
42.141892423986945
42.141892423986945
42.141892423986945
42.141892423986945
42.141892423986945
42.141892423986945
42.141892423986945
42.141892423986945
42.141892423986945
42.141892423986945
42.141892423986945
42.141892423986945
42.141892423986945
42.141892423986945
42.141892423986945
42.141892423986945
41.50062131644942
40.834679965348975
40.49185013898772
40.49185013898772
0.0
0.0
0.0
0.0
0.0
41.82422588765265
42.45383492638228
42.76025603166793
43.06134780322189
42.76025603166793
42.76025603166793
42.76025603166793
42.76025603166793
42.76025603166793
42.76025603166793
42.76025603166793
42.76025603166793
42.76025603166793
42.76025603166793
42.76025603166793
42.76025603166793
42.76025603166793
43.06134780322189
43.06134780322189
43.06134780322189
43.06134780322189
43.06134780322189
43.06134780322189
43.06134780322189
43.06134780322189
43.06134780322189
42.76025603166793
42.76025603166793
42.45383492638228
40.834679965348975
0.0
0.0
0.0
0.0
59.04347056825124
0.0
63.7851258703449
0.0
0.0
0.0
0.0
0.0
0.0
0.0
0.0
0.0
0.0
0.0
0.0
0.0
0.0
0.0
0.0
0.0
0.0
42.141892423986945
42.141892423986945
42.141892423986945
42.45383492638228
42.45383492638228
42.45383492638228
42.45383492638228
42.45383492638228
42.45383492638228
42.45383492638228
42.45383492638228
42.45383492638228
42.141892423986945
42.45383492638228
42.45383492638228
42.45383492638228
42.45383492638228
42.45383492638228
42.45383492638228
42.45383492638228
42.45383492638228
42.45383492638228
42.45383492638228
42.45383492638228
42.45383492638228
42.45383492638228
42.45383492638228
42.45383492638228
42.45383492638228
42.45383492638228
42.45383492638228
42.45383492638228
42.45383492638228
42.45383492638228
42.45383492638228
42.45383492638228
42.45383492638228
42.45383492638228
42.45383492638228
42.45383492638228
42.45383492638228
42.45383492638228
42.45383492638228
42.45383492638228
42.45383492638228
42.45383492638228
42.45383492638228
42.45383492638228
42.45383492638228
42.45383492638228
42.45383492638228
42.45383492638228
42.45383492638228
42.45383492638228
42.45383492638228
42.45383492638228
42.45383492638228
42.45383492638228
42.45383492638228
42.45383492638228
42.45383492638228
42.45383492638228
42.45383492638228
42.45383492638228
42.45383492638228
42.141892423986945
42.141892423986945
42.141892423986945
42.141892423986945
41.50062131644942
40.49185013898772
40.14209399107353
0.0
0.0
0.0
0.0
0.0
0.0
0.0
0.0
40.49185013898772
43.06134780322189
43.06134780322189
43.35729245403312
43.06134780322189
43.06134780322189
43.06134780322189
43.06134780322189
43.06134780322189
43.06134780322189
42.76025603166793
42.76025603166793
42.76025603166793
42.76025603166793
42.76025603166793
42.76025603166793
42.76025603166793
42.76025603166793
42.45383492638228
42.45383492638228
42.76025603166793
42.76025603166793
42.76025603166793
42.76025603166793
42.76025603166793
43.06134780322189
43.06134780322189
43.06134780322189
43.06134780322189
43.06134780322189
43.06134780322189
43.06134780322189
43.06134780322189
43.06134780322189
43.35729245403312
43.35729245403312
43.35729245403312
43.35729245403312
43.35729245403312
43.35729245403312
43.648263008993254
43.648263008993254
43.648263008993254
43.648263008993254
43.93442391244566
44.49293494369003
45.03398961803248
45.29830529399247
45.29830529399247
45.29830529399247
45.29830529399247
45.29830529399247
45.29830529399247
45.29830529399247
45.29830529399247
45.29830529399247
45.29830529399247
45.29830529399247
45.29830529399247
45.03398961803248
45.03398961803248
45.03398961803248
45.03398961803248
45.03398961803248
45.03398961803248
45.29830529399247
45.29830529399247
45.29830529399247
45.29830529399247
45.29830529399247
45.03398961803248
45.03398961803248
45.03398961803248
45.29830529399247
45.29830529399247
45.29830529399247
45.03398961803248
45.03398961803248
45.03398961803248
45.03398961803248
45.03398961803248
45.03398961803248
45.03398961803248
45.03398961803248
45.03398961803248
44.76557586169103
44.76557586169103
44.76557586169103
44.76557586169103
44.49293494369003
44.76557586169103
45.29830529399247
44.76557586169103
44.76557586169103
0.0
63.7851258703449
60.628713000339374
64.74960686791314
64.74960686791314
64.74960686791314
60.95031371246395
64.83467996534898
61.57612909707724
61.57612909707724
61.37002737137965
0.0
63.04831933437518
0.0
0.0
0.0
0.0
62.66781301764712
0.0
0.0
62.66781301764712
0.0
0.0
0.0
0.0
0.0
0.0
0.0
63.04831933437518
0.0
0.0
0.0
0.0
60.07906872498188
60.07906872498188
63.964529967936556
0.0
0.0
15.7851258703449
0.0
0.0
41.50062131644942
41.50062131644942
41.82422588765265
42.141892423986945
42.141892423986945
42.141892423986945
41.82422588765265
41.82422588765265
41.82422588765265
41.82422588765265
42.141892423986945
42.141892423986945
42.141892423986945
42.141892423986945
42.141892423986945
42.141892423986945
42.141892423986945
42.141892423986945
42.141892423986945
42.141892423986945
42.141892423986945
42.141892423986945
42.141892423986945
42.141892423986945
42.141892423986945
42.141892423986945
42.141892423986945
42.141892423986945
42.141892423986945
42.141892423986945
42.141892423986945
42.141892423986945
42.141892423986945
42.141892423986945
42.141892423986945
42.141892423986945
42.141892423986945
42.45383492638228
42.45383492638228
42.45383492638228
42.45383492638228
42.45383492638228
42.45383492638228
42.45383492638228
42.45383492638228
42.45383492638228
42.141892423986945
42.141892423986945
42.141892423986945
42.141892423986945
42.141892423986945
41.50062131644942
40.49185013898772
40.49185013898772
0.0
0.0
0.0
0.0
0.0
0.0
0.0
0.0
30.453834926382278
42.45383492638228
42.76025603166793
43.06134780322189
43.06134780322189
42.76025603166793
42.76025603166793
42.76025603166793
42.76025603166793
42.76025603166793
42.76025603166793
42.76025603166793
42.76025603166793
42.76025603166793
42.76025603166793
42.76025603166793
42.76025603166793
42.76025603166793
42.76025603166793
42.76025603166793
42.76025603166793
42.45383492638228
42.45383492638228
42.45383492638228
43.06134780322189
43.06134780322189
43.06134780322189
43.06134780322189
43.06134780322189
43.06134780322189
42.76025603166793
42.76025603166793
42.76025603166793
42.76025603166793
42.76025603166793
42.76025603166793
42.76025603166793
42.76025603166793
42.76025603166793
42.76025603166793
42.76025603166793
43.06134780322189
43.06134780322189
43.06134780322189
43.06134780322189
43.06134780322189
43.06134780322189
42.76025603166793
41.50062131644942
15.7851258703449
31.061347803221892
0.0
63.7851258703449
63.235481594987405
62.763726506689494
0.0
63.6038431616624
63.6038431616624
0.0
63.14215338788678
62.763726506689494
0.0
62.474377033287794
62.763726506689494
62.763726506689494
62.66781301764712
62.95397392109953
0.0
0.0
0.0
0.0
0.0
18.45383492638227
39.04831933437518
39.04831933437518
39.04831933437518
39.04831933437518
39.04831933437518
39.04831933437518
39.04831933437518
39.04831933437518
39.04831933437518
39.04831933437518
39.04831933437518
39.04831933437518
39.04831933437518
39.04831933437518
39.04831933437518
38.66781301764712
38.66781301764712
38.66781301764712
38.66781301764712
38.66781301764712
38.66781301764712
38.66781301764712
38.66781301764712
38.66781301764712
38.66781301764712
38.66781301764712
38.66781301764712
38.27875528533859
38.27875528533859
38.27875528533859
38.27875528533859
38.27875528533859
38.27875528533859
38.27875528533859
38.27875528533859
38.66781301764712
38.66781301764712
38.66781301764712
38.66781301764712
39.04831933437518
39.04831933437518
39.42064208182268
39.42064208182268
39.7851258703449
40.14209399107353
40.14209399107353
40.14209399107353
40.49185013898772
40.49185013898772
40.834679965348975
40.834679965348975
40.834679965348975
40.834679965348975
40.834679965348975
40.834679965348975
40.834679965348975
40.49185013898772
40.49185013898772
40.49185013898772
40.49185013898772
40.49185013898772
40.49185013898772
40.49185013898772
40.49185013898772
40.49185013898772
40.49185013898772
40.49185013898772
40.49185013898772
40.49185013898772
40.49185013898772
40.49185013898772
40.49185013898772
40.49185013898772
40.49185013898772
40.834679965348975
40.834679965348975
40.834679965348975
40.834679965348975
40.834679965348975
40.834679965348975
40.834679965348975
40.834679965348975
40.834679965348975
40.834679965348975
40.834679965348975
40.834679965348975
40.834679965348975
40.834679965348975
40.834679965348975
40.834679965348975
40.834679965348975
40.834679965348975
40.834679965348975
40.49185013898772
40.14209399107353
40.14209399107353
63.87506030890799
63.87506030890799
0.0
0.0
64.66411365471257
57.8151299566951
64.49185013898773
63.964529967936556
63.964529967936556
0.0
64.05353962668636
63.6038431616624
63.6038431616624
64.23019769516755
64.23019769516755
64.49185013898773
64.49185013898773
64.49185013898773
64.31785530264634
64.57819615583817
59.740706023014056
63.6038431616624
63.6038431616624
63.6038431616624
63.6038431616624
59.740706023014056
0.0
0.0
21.815129956695102
41.50062131644942
41.82422588765265
42.141892423986945
42.141892423986945
42.141892423986945
42.141892423986945
42.141892423986945
42.45383492638228
42.45383492638228
42.45383492638228
42.45383492638228
42.45383492638228
42.45383492638228
42.45383492638228
42.45383492638228
42.45383492638228
42.45383492638228
42.45383492638228
42.45383492638228
42.45383492638228
42.45383492638228
42.45383492638228
42.45383492638228
42.45383492638228
42.45383492638228
42.45383492638228
42.45383492638228
42.45383492638228
42.45383492638228
42.45383492638228
42.45383492638228
42.45383492638228
42.45383492638228
42.45383492638228
42.45383492638228
42.45383492638228
42.45383492638228
42.45383492638228
42.45383492638228
42.45383492638228
42.141892423986945
42.141892423986945
41.50062131644942
40.49185013898772
40.14209399107353
0.0
0.0
0.0
0.0
0.0
0.0
0.0
0.0
0.0
36.190402488038
42.76025603166793
43.06134780322189
43.35729245403312
43.35729245403312
43.35729245403312
43.06134780322189
43.06134780322189
43.06134780322189
43.06134780322189
43.06134780322189
43.06134780322189
43.06134780322189
43.06134780322189
43.06134780322189
43.06134780322189
43.35729245403312
43.35729245403312
43.35729245403312
43.35729245403312
43.35729245403312
43.35729245403312
43.06134780322189
43.06134780322189
43.06134780322189
43.06134780322189
43.06134780322189
43.06134780322189
43.06134780322189
43.06134780322189
43.06134780322189
43.06134780322189
43.06134780322189
43.06134780322189
43.06134780322189
43.06134780322189
42.76025603166793
42.45383492638228
42.141892423986945
42.141892423986945
42.76025603166793
55.06134780322189
55.06134780322189
64.31785530264634
61.05619991710803
61.8807529181162
0.0
62.18010920367897
0.0
0.0
62.376842462686994
0.0
0.0
0.0
59.62643273359197
0.0
62.376842462686994
64.57819615583817
64.49185013898773
64.49185013898773
0.0
0.0
29.824225887652652
42.141892423986945
42.45383492638228
42.45383492638228
42.45383492638228
42.45383492638228
42.45383492638228
42.45383492638228
42.45383492638228
42.76025603166793
42.76025603166793
42.76025603166793
42.76025603166793
42.76025603166793
42.76025603166793
42.76025603166793
42.76025603166793
42.45383492638228
42.45383492638228
42.45383492638228
42.45383492638228
42.45383492638228
42.141892423986945
40.834679965348975
40.14209399107353
0.0
0.0
0.0
0.0
0.0
0.0
0.0
0.0
0.0
0.0
0.0
0.0
0.0
0.0
42.76025603166793
42.76025603166793
43.06134780322189
43.06134780322189
43.06134780322189
43.06134780322189
42.76025603166793
43.06134780322189
43.06134780322189
43.06134780322189
43.06134780322189
42.76025603166793
42.76025603166793
42.76025603166793
42.76025603166793
42.76025603166793
42.76025603166793
42.76025603166793
42.76025603166793
43.06134780322189
43.06134780322189
43.06134780322189
43.06134780322189
43.06134780322189
43.06134780322189
43.06134780322189
43.06134780322189
43.06134780322189
42.76025603166793
42.76025603166793
42.76025603166793
42.76025603166793
43.06134780322189
43.06134780322189
43.06134780322189
43.06134780322189
43.06134780322189
43.06134780322189
43.06134780322189
43.06134780322189
43.06134780322189
43.06134780322189
43.06134780322189
42.76025603166793
42.76025603166793
43.06134780322189
43.06134780322189
43.06134780322189
43.06134780322189
43.06134780322189
43.06134780322189
43.06134780322189
43.06134780322189
43.06134780322189
43.06134780322189
43.06134780322189
43.06134780322189
43.06134780322189
43.06134780322189
43.35729245403312
43.35729245403312
43.35729245403312
43.35729245403312
43.35729245403312
43.35729245403312
43.06134780322189
42.76025603166793
42.76025603166793
42.45383492638228
42.141892423986945
0.0
0.0
0.0
0.0
0.0
0.0
0.0
0.0
0.0
