1.0
8.610563213551359e-06
2.3195789083274576e-05
5.993345666865934e-05
0.0012253681256879643
0.033340439724270254
0.19277685368433592
0.3719226289540529
0.29494537494610995
0.08600372160435656
0.02455731219379231
0.10840364094474352
0.1726676970720291
0.11646672431379558
0.07072925567626953
0.16960247326642275
0.2665625177323818
0.18348427442833784
0.05147854296956212
0.00806049513630569
0.0035489399306243286
0.0013522371136787117
0.0002353646377741825
8.858102955855429e-05
9.937751383404247e-05
0.00019343812346050981
0.0003111049300059676
0.0002763240736385342
0.00013875815056962892
4.996148163627368e-05
1.993606929318048e-05
1.0189572776653222e-05
5.036063498664589e-06
2.405740133326617e-06
1.408802546620791e-06
1.0130828798082803e-06
7.130047521286542e-07
5.860039067329126e-07
6.487380517228303e-07
6.33098380831143e-07
5.833391583109915e-07
7.102447483475771e-07
1.267108601155087e-06
2.112513243446301e-06
2.3394792378894635e-06
1.7034336678989348e-06
1.1235326553560299e-06
1.1644926871667849e-06
1.6753973284266976e-06
2.185397136145184e-06
2.324532260900014e-06
2.161545381795804e-06
1.8763807929644827e-06
1.6354791227968235e-06
1.5818362726349733e-06
1.7032627681601298e-06
1.7566994756634813e-06
1.5574228200421203e-06
1.5284285268535314e-06
3.6436259165384395e-06
8.21301415498965e-06
1.1217355904591386e-05
1.1150824093419942e-05
1.1681025853249594e-05
1.3677266906597652e-05
1.3739523410549737e-05
1.0392988315288676e-05
5.762563887401484e-06
2.873889343391056e-06
2.631961365295865e-06
4.5406632125377655e-06
8.551821451874275e-06
1.7281236296184943e-05
4.396209078549873e-05
0.00010409742753836326
0.00024530658265575767
0.0005795959114038851
0.001525390995084308
0.0029353205172810704
0.0030074861278990284
0.0015384181315312164
0.0008982339786598459
0.0015271826850948855
0.001950053992914036
0.0025458582676947117
0.0053450476843863726
0.00889474421273917
0.008201605000067502
0.003731311873707455
0.0007390836308331928
0.00011433488089096501
0.00021108080181875263
0.002037053533967992
0.03174565859080758
0.19044422183651474
0.3879040293395519
0.3344355337321758
0.12151207309216264
0.017471382569056008
0.0038471456646220763
0.0009814978839131072
0.0002403783955742256
7.924658655156237e-05
1.764664227721369e-05
4.2877652504103025e-06
3.0712684520040057e-06
2.7123776931148313e-06
2.1965215637465008e-06
1.3657021824542426e-06
6.159258987281646e-07
2.8237649729589975e-07
2.3812516758425772e-07
2.1504006930683772e-07
1.3427199085924713e-07
1.5009120168940626e-07
6.153791094476446e-07
1.7159924752263578e-06
5.100588680306828e-06
2.2377484469870975e-05
8.866639677762578e-05
0.0002857360759662697
0.0004200946023047436
0.00032079133234219626
0.0002119576183758909
0.00012147392340011721
2.870125481990727e-05
3.943409240036999e-06
3.6814844008858923e-06
8.645454045108636e-06
1.4030389593244763e-05
1.5572376241834718e-05
1.4110189567873022e-05
1.3697197800865979e-05
1.296712889597984e-05
8.871195291249023e-06
4.6888195015526435e-06
2.692978654295075e-06
1.4919108508593126e-06
6.977578124178764e-07
3.8164489524206147e-07
3.330768194587108e-07
5.043458628506414e-07
8.830135200810219e-07
9.46931947964913e-07
8.609863186848088e-07
2.9486030967973416e-06
5.926411483869742e-05
0.000434239173273454
0.0020431718839972746
0.007037943258183076
0.0128836864605546
0.011647019709926099
0.004835354506212753
0.0007470920036780627
4.8493865421050955e-05
3.594327722566959e-06
3.2579331474380524e-05
0.00014529803092955262
0.0005703358092432609
0.010527125050430184
0.14118095563026145
0.30380991008132696
0.23151563666760924
0.0679099310655147
0.011041311343433337
0.0025718756660353397
0.0009504847039352172
0.0004274384955351707
0.00020938119268976152
0.0004209688886476215
0.001383928771247156
0.0024830539332469925
0.0023053383629303426
0.001328037862549536
0.0006352635828079656
0.0003170271338603925
0.00019831430472549982
0.000140659019962186
0.00014053674385650083
0.00040345613524550567
0.0025530933453410394
0.009031404362758622
0.025000485125929117
0.050245960243046284
0.05700976541265845
0.0340520846657455
0.025111904833465815
0.1906333887018263
0.5601352797821164
0.7731857299804688
0.587394006550312
0.23691971972584727
0.03827265745348996
0.0011810003456957931
9.942851144728594e-05
4.555530228600447e-06
4.6468918668551856e-07
4.4116031361340896e-07
1.657281273992339e-06
3.312793978693662e-06
3.30819747773603e-06
2.1282516513565497e-06
1.2276640575237252e-06
5.437148793419055e-07
1.4108427937031823e-07
4.92682512565068e-08
2.9737941886764933e-08
3.502597101245897e-08
1.0021703111817715e-07
2.1998301846792856e-07
3.7827640753107517e-07
6.966694058974098e-06
8.438001925981097e-05
0.00025926850094037945
0.0007304455575649627
0.001399482469423674
0.0014038189692655578
0.0007238308171508835
0.00021429794469440824
5.839262803419843e-05
1.61550499058194e-05
2.3190384581539547e-06
2.308099652736928e-06
3.3560826864231785e-06
4.507291862410057e-06
6.4159453359025065e-06
9.483259191256366e-06
1.0841450603038538e-05
9.364940069644945e-06
7.805318205100775e-06
6.820674229857104e-06
6.168699314912374e-06
6.5275306724288384e-06
6.6003830170302535e-06
4.998732094918523e-06
3.171779553667875e-06
2.5314769231954415e-06
2.9893566306782304e-06
3.875044058077037e-06
3.705273059040337e-06
2.4884412255232746e-06
1.802757651603315e-06
1.8655567259884265e-06
2.054336619039532e-06
2.0523234525171574e-06
1.7239633223198325e-06
1.2268207854049251e-06
8.187943620896476e-07
6.587026746274205e-07
7.447274157357242e-07
7.956176943935134e-07
6.290108984785547e-07
1.1356478921697999e-06
1.0519225028815525e-05
0.00016954656052803327
0.001798530945961829
0.006514739245176315
0.012365824659354985
0.01464565983042121
0.010866337164770812
0.004414640367031098
0.0007631437538293541
7.424109708153993e-05
4.2417777876835316e-05
0.00021628487911584668
0.0015376450774056136
0.03159819134452846
0.20151880977209655
0.4359687604010105
0.3968947408720851
0.14281986438436436
0.011649092710285915
0.0013009196845814588
0.0005610962543869391
0.00041003976366482675
0.0002476088557159528
0.0003131052872049622
0.0004138318690820597
0.0004736468254122883
0.0004331215313868597
0.0002581877843113034
9.234191657014891e-05
1.937171043664421e-05
4.032528892139453e-06
1.7943219745575334e-06
1.3176773308032352e-06
1.000442125587142e-06
1.0915560295643445e-06
1.3131210323535925e-06
1.4313502276763757e-06
1.5141431504162028e-06
1.5177467105331743e-06
1.5314433596813615e-06
1.5146890177675232e-06
1.5535797217580694e-06
1.915290653187185e-06
2.469210869548988e-06
2.791881115626893e-06
2.4118005228501715e-06
1.6035257317525975e-06
1.0966877255214058e-06
9.295765437400405e-07
1.081919748457949e-06
1.702600656017239e-06
2.8299745906679163e-06
4.471297472719016e-06
5.4303790193444e-06
5.1572027359725325e-06
5.079845777800074e-06
4.940296776112518e-06
4.239717327436665e-06
5.581128448284289e-06
1.6640984426885552e-05
5.1663955446201726e-05
0.00014100466069066897
0.0004417936543177347
0.001647470715397503
0.004523612820776179
0.007628759718500078
0.008807315025478601
0.008429676410742104
0.007963831070810556
0.008193544927053154
0.010393500793725252
0.013612597016617656
0.013607206288725138
0.009963593212887645
0.005743132904171944
0.002761637937510386
0.001206527027534321
0.0004913378979836125
0.00022625104247708808
0.00014354804625327233
9.946310092345811e-05
5.718342254112941e-05
2.92968902613211e-05
1.9045509816351114e-05
2.1091053440613905e-05
3.126714409518172e-05
4.099174930161098e-05
4.851561243413016e-05
9.008666802401422e-05
0.0002986181370943086
0.0007197602208179887
0.0011411504383431748
0.0014077296073082834
0.0015397167589981109
0.001463740976760164
0.0011801087093772367
0.0009324344136985019
0.0008510802581440657
0.0009323974518338218
0.001137996805482544
0.0014409737195819616
0.0026846369728446007
0.004620064602931961
0.004726754326839
0.005719023174606264
0.10076375486096366
0.42006623884662986
0.7810161486268044
0.749553807079792
0.35760723706334835
0.06962656663381496
0.00390545213213045
0.0003140438349191755
9.81021628376766e-06
2.6103241310693197e-06
1.037023906746981e-06
1.6213141833532063e-06
2.4023192963795736e-06
2.2484919952603377e-06
1.4019475287341265e-06
7.370389027983038e-07
3.900727740813182e-07
1.9447138299710787e-07
9.813091672583597e-08
4.974212597375072e-08
3.335327392051113e-08
2.8378653649241414e-08
3.7852138312644e-08
6.715574629723164e-08
9.125314015534514e-08
1.1462827487207505e-07
2.0097962760701193e-07
5.327530772092359e-07
3.6903237869978507e-06
5.8204574486353515e-05
0.0002581426149390609
0.00043751951670856215
0.0005701885384041816
0.0009576254888088442
0.001073770377843175
0.0006384881344274619
0.00032007406298362184
0.00016692165672793638
3.68648516086978e-05
6.414346216843114e-06
7.507447435273207e-06
1.030121666190098e-05
1.4535615036948002e-05
1.910924879666709e-05
1.8476911918696715e-05
1.4042701877770014e-05
8.862759045769053e-06
5.0340917141511454e-06
3.6329159343040374e-06
3.674029471767426e-06
3.86999073498373e-06
3.167343578525106e-06
2.1076242262552114e-06
1.4624343123159633e-06
1.2864776692822488e-06
1.3422783808891836e-06
1.4793662046486133e-06
2.3206067680803244e-06
5.594015277665676e-06
9.864887260846444e-06
1.0110115681527532e-05
6.962288352951873e-06
5.389905140873452e-06
6.984498213569168e-06
1.0409368428554444e-05
1.205838725581998e-05
1.0519864417801728e-05
9.575166814101976e-06
1.074882334251015e-05
1.1249813042013557e-05
9.082679639504931e-06
5.481341815993801e-06
3.143870685562433e-06
3.297151749848126e-06
8.067771773312415e-06
2.363530063576036e-05
4.695891584560741e-05
6.316009330475936e-05
6.540518188558053e-05
5.241363351160544e-05
3.0452817554760262e-05
1.5733913869553362e-05
1.1753854096241412e-05
1.0426228072901722e-05
7.443140304985718e-06
4.1124156950900215e-06
4.504234823343722e-06
9.768222298589535e-06
1.3055746421741787e-05
9.580682444720878e-06
4.991087280359352e-06
3.781616669584764e-06
5.4783020004833816e-06
7.082724437168508e-06
6.738700676578446e-06
8.622807968095003e-06
1.550005140416033e-05
2.259493749079411e-05
2.239677201032464e-05
1.580410207679961e-05
1.133298542299599e-05
1.2373337085591629e-05
1.8001949683821294e-05
2.9212420031399233e-05
3.7894316847086884e-05
3.652180930657778e-05
3.593853398342617e-05
4.409967459650943e-05
5.313463498168858e-05
5.27016309206374e-05
4.330730371293612e-05
3.542328795447247e-05
3.735821610462153e-05
4.3758245737990364e-05
4.003188996648532e-05
2.8339276468614116e-05
2.4551335627620574e-05
2.875259906431893e-05
2.981358602482942e-05
2.4722027774259914e-05
2.2829563022241928e-05
2.6064660687552532e-05
2.2682268763674074e-05
1.4756075870536735e-05
1.414650546394114e-05
3.2640026802255306e-05
8.91330082595232e-05
0.00019380071535124443
0.00031880303140496835
0.0003471742202236783
0.00023725268329144458
0.00013099892385071144
9.501492058916483e-05
8.988014633359853e-05
0.00010454040057084057
0.00015920106125122402
0.000276031183602754
0.00036362251557875425
0.0003669860598165542
0.00047922582598403096
0.000792482060205657
0.001134255391662009
0.0012333293416304514
0.0010716895194491372
0.000986403858405538
0.0009660256619099528
0.0007747550989734009
0.0006533566192956641
0.0007705233292654157
0.0006855844731035177
0.00030087836421444086
5.379133563110373e-05
9.435347692487996e-06
6.188568022480467e-06
8.235818313551135e-06
1.2742990293190815e-05
2.370637184867519e-05
4.7966247166186804e-05
6.84158030708204e-05
5.321762773746741e-05
2.0992485985971147e-05
9.156615192296158e-06
1.5504846430758334e-05
1.9689873624884058e-05
1.4833301975158976e-05
9.63002253229206e-06
2.32174734264845e-05
0.00024723040974095056
0.0017339974856440674
0.006164366990560666
0.009397180285304785
0.007259210105985404
0.0037777296383865178
0.0013883047577110121
0.00016089181644929343
4.692273068940267e-05
3.293704457973945e-05
2.8892341106256936e-05
2.3513322048529517e-05
1.8429269857733743e-05
1.764182388797053e-05
1.7937873053597286e-05
1.2993069162803295e-05
6.7600662418954025e-06
3.69805815125801e-06
3.5789612979897356e-06
4.481978578496637e-06
4.037015116864495e-06
2.9372570224950323e-06
2.6535878987488104e-06
3.5291963058625697e-06
4.67500939294041e-06
5.714309281756869e-06
1.0840116146937362e-05
1.7990844753512647e-05
2.1934190044703428e-05
2.5450880457356106e-05
2.6725475890998496e-05
2.4115546239045216e-05
2.2343789623846533e-05
1.8590892068459652e-05
1.0915947200373921e-05
9.252927384295617e-06
2.7148776439389618e-05
0.00012781124814864597
0.0003185557379765669
0.00040324988367501646
0.0003182186555932276
0.00021827071032021195
0.00014671879398520105
8.814460397843504e-05
4.6522135107807117e-05
2.051228807431471e-05
1.295682250201935e-05
0.00017373609921378372
0.0005270166584523395
0.0007864272047299892
0.0010311372025171295
0.002090150097501464
0.020757726044394072
0.20512301393318919
0.4850432127714157
0.4455450028181076
0.16633055452257398
0.02539640251779929
0.005888028535991908
0.0007110250226105563
0.0003245727602916304
0.00010554141908869498
3.096360558174638e-05
1.3137638234184125e-05
1.8841191263163637e-05
3.378114593033388e-05
3.45955431839684e-05
2.444355959596578e-05
1.6288415736198658e-05
9.676143918113667e-06
4.92386476480533e-06
3.1754144629303482e-06
2.2865636992719374e-06
1.5462705391655618e-06
1.1296719577558179e-06
9.454053895296965e-07
9.807545922058125e-07
1.5860192092986836e-06
3.1117579624151404e-06
5.7801726711659285e-06
9.03159764220618e-06
1.0844096777873347e-05
1.070015082405007e-05
9.845533213592716e-06
9.757784255270963e-06
1.2071464198015747e-05
1.3870675957150524e-05
1.1591960742407537e-05
7.4047979978786324e-06
3.990686906263363e-06
1.825234775765239e-06
9.121894777308626e-07
6.928966058694641e-07
6.581667548744008e-07
8.639835442636468e-07
1.1106763508905715e-06
1.086285976725776e-06
1.1126913648240588e-06
1.5524616969742056e-06
2.1400487071332464e-06
2.6397257215649006e-06
3.175018377987726e-06
4.105006382815191e-06
5.955670985713368e-06
7.155154548854625e-06
5.805383523238561e-06
3.903387153059157e-06
3.513308513447555e-06
3.913065881988587e-06
4.418167463882128e-06
4.833436150875059e-06
4.395641155952035e-06
3.465684756065457e-06
3.7989297538842948e-06
5.7915415823117655e-06
7.8367836522375e-06
1.0809068498929264e-05
2.1512621742658666e-05
5.276699766909587e-05
0.00013152006249583792
0.0002519453028071439
0.0003275806157034822
0.0003735498175956309
0.0006370669580064714
0.0016319341084454209
0.004128466651309282
0.010289094760082662
0.0171763077378273
0.015425741323269904
0.0070656657917425045
0.001988524934859015
0.0007351739668592927
0.0002183114836498135
1.9359498537596668e-05
1.7870004967335262e-05
2.8799647679988993e-05
1.9240000881382006e-05
5.084175995762053e-06
2.2278192659541673e-06
4.972112492396263e-06
2.5558106244716324e-05
9.982088295146241e-05
0.00027360885724192485
0.000698204712534789
0.0016750711074564606
0.004305736976675689
0.00795760191977024
0.017201744951307774
0.05586078367196023
0.08232831908389926
0.04632846545428038
0.013814239762723446
0.010942589899059385
0.00524063297052635
0.0007634453977516388
0.00016551604539927214
3.42404066486779e-05
4.704301318270154e-06
3.4408299143251497e-06
4.584923317452194e-06
4.538220196081966e-06
4.10474046930176e-06
4.783816734743596e-06
7.207468684100604e-06
9.477863841311773e-06
8.239090334427601e-06
5.322700985743722e-06
3.734433164481743e-06
2.5799821798955236e-06
1.4974021667057968e-06
1.207871719088871e-06
1.694857331813182e-06
3.4943156208555592e-06
1.1032472514216352e-05
4.0011649730331555e-05
0.00011055416325689293
0.00020189413407933898
0.0002525107774999924
0.00027771529858000576
0.0003276610732427798
0.00036000167165184394
0.0003634734675870277
0.0004894404046353884
0.00102867757959757
0.0020531181507976726
0.003759566752705723
0.009285722800996155
0.016586494632065296
0.01756500080227852
0.012876874767243862
0.007561263861134649
0.003597345261368901
0.0014881092647556218
0.0007485402020392939
0.0006736671202816069
0.0005990702557028271
0.000400776098103961
0.00018377889318799137
6.249196212593233e-05
2.2829876115793016e-05
1.0560112741586636e-05
7.467305977115757e-06
8.142251999743166e-06
8.851756774674868e-06
7.975361654644075e-06
8.048746167332865e-06
1.4335549963107042e-05
2.762197686934087e-05
4.5777354898746125e-05
6.530289192596683e-05
7.023118632787373e-05
6.424566709029023e-05
6.638464037678204e-05
6.95942399033811e-05
7.58187597966753e-05
0.00012587857963808347
0.00035568921703088563
0.0011870104062836617
0.003178991115419194
0.005257040844298899
0.005228110938332975
0.0033140862069558352
0.0014395730613614435
0.00047484120659646584
0.00017045855747710448
9.922348544932902e-05
9.270148257201072e-05
8.064899702731054e-05
5.0814630412787665e-05
4.19593625338166e-05
5.587440955423517e-05
7.636445207026554e-05
8.709521353011951e-05
8.099234582914505e-05
8.185761544154957e-05
0.0002782880746963201
0.0013506849136319943
0.008016622392460704
0.03441358159761876
0.05577532108873129
0.03777381428517401
0.013990613748319449
0.007222018321044743
0.004824992967769504
0.0047691588988527656
0.038512378348968916
0.2011360516771674
0.370831411331892
0.28550508990883827
0.08570446500380059
0.0059465371959959165
0.0007372308755293489
0.0009986760924221016
0.0006211380605236628
0.00038875640893820673
0.0010568963552941568
0.0019747919868677855
0.0020957407250534743
0.0014063529815757647
0.0006716512762068305
0.00024873117399693
0.00010859653957595583
9.693838546809275e-05
9.632591900299303e-05
8.236840585595928e-05
6.060966006771196e-05
3.6293587527325144e-05
1.734826696520031e-05
7.116004525187237e-06
2.367296460192847e-06
8.747353916760404e-07
5.266293996442073e-07
4.5519503544255713e-07
4.422514265911559e-07
6.0642629762242e-07
1.4239959540418567e-06
2.7450782908999827e-06
3.5966923519481497e-06
3.6443141766540066e-06
3.156323145958595e-06
2.7813785550279135e-06
3.2634699778100185e-06
4.110871827833762e-06
6.860023404442472e-06
1.572753797063342e-05
3.253200043218385e-05
0.00010217002090939785
0.0006604321915801846
0.0024802470943541266
0.006195583555381745
0.00952476472593844
0.00987480953335762
0.023395346011966463
0.17785636638291177
0.5335984323173761
0.7990241348743439
0.6442802287638187
0.24718831756035803
0.02785356332287848
0.0004180554080974731
4.493018527007565e-06
1.192175543840435e-07
1.1660717669226274e-08
1.339551558565688e-08
5.579375289554988e-08
9.119107868826859e-08
7.343943231319372e-08
5.495624844087388e-08
5.1269458012370706e-08
5.452368867508994e-08
7.94812695659175e-08
1.348814926416253e-07
6.465879209827107e-07
7.100486222100243e-06
1.867560553137082e-05
8.173666856237104e-05
0.0004767126711158198
0.0008989562265924178
0.000666681877191877
0.0002481387273292057
0.00012584757450895268
5.955111009825488e-05
8.642608833042688e-06
2.794743068079697e-06
2.4468445474212785e-06
2.3722126343272976e-06
1.8751815673567762e-06
1.2901626433858837e-06
8.156196713571262e-07
5.19282906452645e-07
3.040138629728517e-07
1.428373295198071e-07
7.350776698444861e-08
7.408370983341683e-08
1.1474243777342963e-07
1.8375892274491434e-07
2.1167788943898813e-07
1.6850471418194957e-07
1.2799560522580578e-07
1.3572868162725626e-07
1.6576177941374226e-07
1.9271873341608625e-07
2.3750148514523062e-07
3.5331839143282195e-07
6.049732306223632e-07
9.708282391329703e-07
1.5469516938537708e-06
2.1484784156200476e-06
2.1771135436665645e-06
1.8541647079928225e-06
1.6929996888848109e-06
1.5922052227779204e-06
1.4009616506882594e-06
1.1591131965360546e-06
1.3778069387626601e-06
2.5941209287339007e-06
3.482858858205873e-06
2.9234275302769674e-06
2.441710364564642e-06
2.9573247388725576e-06
3.6124813505011844e-06
4.521407390711829e-06
6.987785354795051e-06
1.038098412209365e-05
1.2744342939186026e-05
3.412783985368151e-05
0.00032750962509453524
0.003105202251390437
0.023299554595723745
0.07614325825124979
0.11430360190570354
0.08406586293131113
0.030019602476386357
0.0048480273981112995
0.0007805240747984499
0.004612365475622937
0.010811936750542372
0.011709963786415756
0.0076108002103865155
0.004007987678050995
0.0021924695756752044
0.0011245650402997853
0.0003303024586784887
3.827253374311113e-05
8.655929008227758e-06
2.5337449471862787e-06
6.422770582048543e-07
3.3667677001858465e-07
3.2432905783252863e-07
3.1285755497378887e-07
2.2961126333598258e-07
1.4589402219655767e-07
1.3554753053313107e-07
2.0161285441133714e-07
2.5838293282731684e-07
2.432588281919834e-07
1.895952976838089e-07
1.2391830495062095e-07
6.49828546528397e-08
4.05439823936149e-08
4.295298428047545e-08
5.078568054983634e-08
6.665784102466432e-08
8.850885269140463e-08
1.009267780460732e-07
1.1660470278229695e-07
1.3695377454325808e-07
1.5314116907916286e-07
1.9018875718757045e-07
2.5215066656869567e-07
2.978485085236571e-07
3.089187856630815e-07
2.876868165913038e-07
2.4724442226897736e-07
2.0415240342686047e-07
1.690939441800765e-07
2.813775132892715e-07
1.2895127667889028e-06
9.92292250145965e-06
0.0001164897235526041
0.0006833860161350458
0.002107893320498988
0.003916707151802257
0.007792676100507378
0.0444658997002989
0.22295696428045628
0.5240469574928284
0.6525410637259483
0.4458080921322108
0.14717674138955775
0.015295583185434228
0.0015537095447939468
2.0477994830514493e-05
6.628398523389478e-07
1.209391335521559e-06
2.786894313544508e-06
4.0986029716805206e-06
4.730533987640229e-06
4.696334485743137e-06
3.602957633574988e-06
1.9608627184197758e-06
9.190973884187771e-07
7.346864947521681e-07
8.484595497293412e-07
9.086897989618592e-07
1.542122760156417e-06
3.391552908738049e-06
2.7486408555432714e-05
7.585657817799074e-05
0.00015850386444071773
0.00028001020109513775
0.00029136477132851724
0.0001574922271174728
5.23363037245872e-05
1.8381454424343247e-05
6.856620984763141e-06
9.503316846348753e-06
2.040435924755002e-05
3.712710895342752e-05
6.266606760618743e-05
7.866461419325788e-05
6.45445725240279e-05
3.5406553024586174e-05
1.4309957578007017e-05
7.317798235817463e-06
9.383600854562246e-06
1.3013916714044171e-05
1.327463041889132e-05
1.3082654504614766e-05
2.3836796572140884e-05
4.534086019702954e-05
6.446537645388162e-05
0.00010579230183793698
0.0002916896391980117
0.0007726304902462289
0.0016852852131705731
0.0028605216939467937
0.00331925944192335
0.0030504397000186145
0.0040741319535300136
0.007559536956250668
0.013177038286812603
0.01977747492492199
0.02271379018202424
0.017300910549238324
0.008605123031884432
0.004681641585193574
0.006682990584522486
0.016734251868911088
0.03562785196118057
0.05196243990212679
0.04948805831372738
0.029403449618257586
0.010973183671012523
0.0035746136854868387
0.0017869906732812524
0.0010585418494883925
0.0005366358600440435
0.0001998435982386582
7.218772861961043e-05
6.906346425239462e-05
9.305307230533799e-05
0.00010445012048876379
0.00010766218110802583
9.85001597655355e-05
6.376388046192005e-05
3.388399727555225e-05
3.5829245462082326e-05
5.395125845097937e-05
6.848325210739858e-05
7.222483054647455e-05
5.919416344113415e-05
4.7915857066982426e-05
6.24867652732064e-05
0.00013518564355763374
0.00031293616848415695
0.0006139839606476016
0.0016233309142990038
0.005264333478407934
0.009982860763557255
0.011397622525691986
0.011241676984354854
0.011061429977416992
0.009228417067788541
0.023487593978643414
0.21035949734505263
0.5059450771659613
0.46897993236780167
0.16665665939217436
0.014068584074266258
0.0018886097095673906
0.0008713735660421663
0.0003280463824921754
0.00010554197797318922
9.456673797103576e-05
0.0002772681400529109
0.0008178435964509845
0.0019904599903384224
0.0031458745361305773
0.0028784085588995367
0.0015173096689977685
0.0004827901120734169
0.00011155079801028479
3.180454768880736e-05
1.4672036741103511e-05
1.7968353404285153e-05
4.028041303172358e-05
0.00022297708119367596
0.0012373770641715964
0.007504161811084486
0.020714614016469568
0.031029269564896822
0.02684523374773562
0.014237723778933288
0.028178462991490957
0.25287946313619614
0.6695899441838264
0.8361973464488983
0.5766954217106104
0.20098150416743013
0.020129677064687716
0.0003730857448545067
5.9645210015446545e-06
5.24414019764663e-07
2.144974757811724e-07
2.717877407576452e-07
3.103009049709726e-07
2.736049822260611e-07
5.511554022064047e-07
1.132566239903099e-06
1.2810032217203116e-06
8.923265113480739e-07
4.650558604879507e-07
1.7967022003517743e-07
6.443477307271905e-08
1.0255788929214303e-07
8.873701089484597e-07
4.084741156873406e-06
1.0556615507084643e-05
4.296329188946401e-05
0.00019686237919813718
0.0004549671139102429
0.0005562533988268115
0.000444145618530456
0.00028041070618201047
0.00011683896195791023
2.1628762169711994e-05
7.766000408082618e-06
1.0946854217763757e-05
1.3202771924625267e-05
1.1898441016455763e-05
1.0852548257389572e-05
1.1430375479903887e-05
1.0881871844503621e-05
7.258216555783293e-06
4.53761174412648e-06
7.23541575098352e-06
1.5988623090379406e-05
3.175561778334668e-05
4.6553473566746106e-05
4.184328327028197e-05
2.372568656028307e-05
1.886760765046347e-05
4.435515188561112e-05
7.917003131296951e-05
7.751592056592926e-05
6.353894605126698e-05
7.616854782099836e-05
0.00013264212429930922
0.00033163702391902916
0.000980837874521967
0.0020525477739283815
0.002317923994269222
0.0013048875916865656
0.00038098321238067007
0.00016736589168431237
0.00040582500514574344
0.0019158715731464324
0.004530453239567578
0.0065488992258906364
0.013024579151533544
0.02538350527174771
0.034592198207974434
0.03187181451357901
0.0177468026522547
0.006958636222407223
0.004755349014885724
0.0038780515897087753
0.002257812491734512
0.0009176359453704209
0.000450345927674789
0.0004001454799436033
0.00031812167435418814
0.00015827964398340555
5.7004688642336994e-05
3.152063209199696e-05
2.5229120183212217e-05
2.2196049940248486e-05
2.6343892386648804e-05
3.378423889444093e-05
4.081704901182093e-05
6.693487466691295e-05
0.00014167749486659886
0.00020829640197916888
0.00018931287922896445
0.00013823465633322485
0.00011175386498507578
0.00010470486449776217
0.0001255364277312765
0.00015559174426016398
0.00015754919513710774
0.0001230502721227822
6.58062726870412e-05
2.708378997340333e-05
4.4045325921615586e-05
0.00029372423614404397
0.00380539164871152
0.025357021484524008
0.04765047295950353
0.035118300234898925
0.01250386575702578
0.005162281857337803
0.0027887527539860457
0.001088312070351094
0.0003159751286148094
0.00042827437573578203
0.0017738529641064813
0.003366758697666228
0.003272858855780214
0.002915475342888385
0.009999142203014344
0.1450584508711472
0.43258392345160246
0.5113949328660965
0.27075360948219895
0.06282737711444498
0.009012645052280279
0.002034911529335659
0.0007150801175157541
0.0002217215569544351
8.615166007075459e-05
0.00013134258006175514
0.0004772780048369895
0.0008771516004344448
0.0008576688851462677
0.0006260404770728201
0.0004775174456881359
0.00030950288419262506
0.00014414387624128722
5.760216208727798e-05
2.7737053642340473e-05
2.4370552182517713e-05
2.8773718440788798e-05
3.49243932760146e-05
4.455266480363207e-05
5.034693549532676e-05
4.550094672595151e-05
4.285936302039772e-05
5.261558089841856e-05
6.668583500868408e-05
9.625161146686878e-05
0.00018500182704883628
0.00045139995563658886
0.0010500540229259059
0.0029693691758438945
0.01290698701632209
0.0266636396991089
0.024620787240564823
0.013137667207047345
0.04874689364805817
0.28750807815231383
0.6627732776105404
0.730690523982048
0.41012795642018324
0.1042317150422605
0.00543109541422382
0.00013270088930994464
2.9493465554253366e-06
4.3777014724355473e-07
4.801803079601541e-07
1.0072071603417498e-06
1.4650097739377088e-06
1.7149893949408579e-06
1.6044978394802456e-06
1.129409241684698e-06
6.388143276581104e-07
3.4673787752126373e-07
2.5407898363027925e-07
1.9932862471705448e-07
8.99308154611589e-08
2.7324542184459236e-08
3.7480645032061943e-08
6.95055835109315e-08
1.1381146514111151e-07
1.3517548360653107e-06
4.252074791821769e-06
9.664043773227604e-06
2.6199510443802865e-05
0.00018710821495915295
0.0006079076601963607
0.0008586115291109309
0.0006008522796037141
0.00046322744310600683
0.0005779819075542036
0.00041006426181411376
0.0001671875943429768
6.86215876157803e-05
2.191175326515804e-05
1.2931883247802034e-05
8.553286079404643e-06
5.630231839859334e-06
3.518485925724235e-06
1.757444223926541e-06
8.326002784997399e-07
5.032228287404905e-07
3.6657057478350907e-07
2.7691978843336074e-07
1.8764228926215765e-07
1.4463238784401256e-07
1.7161127274789578e-07
2.7861629448011627e-07
5.817921433504125e-07
1.2609072541636124e-06
2.4039556194566103e-06
3.853989198887575e-06
5.680867502633191e-06
7.554892931693757e-06
7.896556667219556e-06
6.346778491206351e-06
4.910325856144482e-06
5.392818707150582e-06
6.818254632889875e-06
6.140140669685934e-06
3.2783584202888964e-06
1.336984979616318e-06
1.5363916787691778e-06
4.738468362575077e-06
1.2376624056287255e-05
3.10795844598033e-05
0.0020436635722944625
0.016830262100484106
0.05436913622543216
0.07550078351050615
0.05052924994379283
0.022605765145272017
0.010786565515445545
0.0029403201624518265
0.00018844164696929513
2.1852017653145598e-05
7.295143404917326e-06
4.955146380325459e-06
3.224954070901731e-06
2.0987566813346348e-06
1.930447069753427e-06
6.2367112718675335e-06
0.00015583821959808117
0.004041120728743408
0.014427615373278968
0.02782823727466166
0.03737568762153387
0.03551782201975584
0.022971958038397133
0.009527237387374043
0.002311526930498076
0.00035534158223526907
3.9772145100869245e-05
9.882917083814393e-06
3.4165627482707355e-06
1.6550685870697635e-06
1.2116784091631416e-06
9.5662878152325e-07
6.141085009403469e-07
3.764511546933136e-07
2.893308916895876e-07
2.965440941693487e-07
4.1621023427751425e-07
5.671829867992528e-07
6.011800337546447e-07
5.325150169710469e-07
4.80422428950078e-07
5.166104841691777e-07
6.71553934239455e-07
8.921656871052619e-07
9.866675725334062e-07
9.18341584110749e-07
9.002821883541401e-07
1.042465441969398e-06
1.2372801450055704e-06
1.459359708633201e-06
1.6751073133036698e-06
1.6957352784174873e-06
1.5279670719792193e-06
1.1606767884586588e-06
7.261233179178816e-07
6.210135126138994e-07
7.741368222013989e-07
8.635057469064122e-07
9.172359796139062e-07
1.0511362518172973e-06
1.1281016440989333e-06
9.54162416633153e-07
6.136771091291848e-07
3.8481457664829577e-07
3.544963504964471e-07
4.3059288401536833e-07
4.83653600724665e-07
4.280328269601341e-07
3.3077977690254556e-07
2.9005055779407485e-07
3.2871607658080393e-07
3.943968707176282e-07
5.28579306546817e-07
8.556423196637297e-07
1.1775689188198157e-06
1.0782367354522648e-06
6.261937492979541e-07
2.783574046816284e-07
1.6941189429076076e-07
1.795607218468831e-07
2.5992174101929777e-07
4.689073449526404e-07
1.2362668684318123e-06
3.027622597073787e-06
4.535348693934793e-06
4.114940225008468e-06
2.7896336405319744e-06
1.8875532532547368e-06
1.3019211309028833e-06
9.579866286912875e-07
8.039903462986331e-07
7.116224622905065e-07
8.181842190424504e-07
1.148498270708842e-06
2.1788643209674774e-06
4.8722268388701195e-06
8.435683980678732e-06
1.0048545163954259e-05
9.014427405418246e-06
9.514975545243942e-06
2.3725993514744914e-05
9.624496624383026e-05
0.00044450246787164355
0.0014002394309500232
0.0027766579296439886
0.004385371110402048
0.005496921599842608
0.004846575378905982
0.0033051662030629814
0.0026331840199418366
0.007444477581884711
0.015465986100025475
0.014221003046259284
0.005933126521995292
0.0012613030921784232
0.00029628629999933764
0.00021786553406855091
0.00027750953449867666
0.00024336807837244123
0.00013419353490462527
5.463882371259388e-05
2.3715689167147502e-05
2.4151290745066945e-05
4.2903006033157e-05
4.975384217686951e-05
3.8534216400876176e-05
5.196043184696464e-05
0.00013176508673495846
0.00019335313663759734
0.00014292118521552766
7.824812564649619e-05
6.672890867776005e-05
5.926439098402625e-05
4.214351838527364e-05
7.75467669882346e-05
0.0004299827528484456
0.0010535068722674623
0.0015102329198271036
0.0020103180431760848
0.0024587195366621017
0.0019845716742565855
0.001021347226924263
0.0008039096574066207
0.0025470949040027335
0.009141948859905824
0.01272205711575225
0.006562478083651514
0.0022244916181080043
0.00288766116136685
0.0030778864165768027
0.0020794759257114492
0.0009726504940772429
0.0014929916578694247
0.002566427312558517
0.00232063521980308
0.0011249166964262258
0.00030336641793837776
7.187560004240368e-05
4.926365272694966e-05
4.4666500798484776e-05
3.6544394788506906e-05
2.471094853717659e-05
1.9892607269866858e-05
3.954987118959252e-05
6.84247029312246e-05
6.51615491733537e-05
3.535474900218105e-05
1.1214044832286165e-05
2.8012267421217985e-06
2.2908977257429797e-06
1.8422990422095609e-06
1.4698247809974418e-06
2.856639156334495e-06
7.663223186682444e-06
1.6259610788438295e-05
2.1596668375423178e-05
2.0521040823950898e-05
2.446969619995798e-05
3.385475883987965e-05
3.406261794225429e-05
2.406564954071655e-05
3.0226495709939624e-05
0.00013235678807177464
0.0006047419119568076
0.002288562318426557
0.009052765351952985
0.03809461591299623
0.10267229564487934
0.14345485717058182
0.10170443682000041
0.036906076711602516
0.009033396781887859
0.0032370915578212593
0.0014707109949085861
0.0006321830551314633
0.00023944108943396716
6.515033237519675e-05
1.939143999152293e-05
1.1006530428403494e-05
4.4367312881377075e-06
1.3512502192725153e-06
8.294588553781068e-07
1.0853075451677796e-06
2.5556454801289874e-06
7.100506138613127e-06
2.2543096179106215e-05
6.637143405896495e-05
0.0001380724688715418
0.00018140429892810062
0.00016737911209929734
0.00014214836483006366
0.00012579396570799872
0.00011623088175838348
0.00011873053153976798
0.00013983409917273093
0.00017107321400544606
0.00017622070299694315
0.00014873249892843887
9.915089412970701e-05
5.127459826326231e-05
4.6481439312628936e-05
0.00010332902365917107
0.0003869951724482234
0.0011109770603070501
0.0020276829309295863
0.0036081489524804056
0.0073833364294841886
0.01403676311019808
0.02850121958181262
0.05032546678557992
0.1325621996074915
0.40538839250802994
0.629326730966568
0.4415781116113067
0.1253696358544403
0.009624878119211646
0.00042632577242329717
0.00037123933725524694
0.00015547172642982335
6.995008698140737e-05
0.0004333356655479292
0.0017226896889042107
0.0034586269466672093
0.00392286863643676
0.0028870174719486386
0.0016692308709025383
0.0008051071490626783
0.00028974680753890425
9.701130693429151e-05
4.3615117192530306e-05
2.821634052452282e-05
2.445401469231001e-05
1.8968833956023445e-05
1.1089115218965162e-05
5.164233812138264e-06
2.387260849445738e-06
1.9952978504989005e-06
4.326418604705395e-06
1.0721625073983887e-05
1.9645011889224406e-05
3.471171976343612e-05
0.00014889418935126741
0.0009396808072779094
0.003998237116320524
0.008235899615101516
0.00902192376088351
0.00591976527357474
0.003485447494313121
0.018720277876127508
0.23296401905827221
0.6527809519320726
0.8097945153713226
0.5186209818348289
0.15648853128368503
0.010877487623474737
0.00021903544211454579
3.1204385209093748e-06
2.71075849767044e-07
2.3413149463635818e-07
3.854503436429013e-07
3.7869619795571907e-07
1.8809603652414355e-07
1.06370150021462e-07
1.4513084600764614e-07
2.420018780924238e-07
8.107919775568461e-07
3.1742795414402276e-06
1.0804831617861055e-05
3.1253190854840796e-05
0.000231756743232836
0.0006830589190940373
0.0009313027694588527
0.000790545207564719
0.0005860464516445063
0.0003652890445664525
0.00013290917831909613
2.173940967509225e-05
2.2848934975172597e-06
1.664304278392592e-06
2.0302782957060117e-06
2.163845238101203e-06
2.4093683919090836e-06
2.4871854122920922e-06
1.8047211653993147e-06
1.0081359249625166e-06
8.32665790539977e-07
1.072071128760399e-06
1.3318489209268591e-06
1.4023882215496997e-06
1.4753758534880035e-06
1.69418231621421e-06
2.331991026949254e-06
3.164487765161539e-06
3.161165352594253e-06
3.2984659128487692e-06
5.277096704503492e-06
8.66482923811418e-06
9.751881066222268e-06
6.755416904979939e-06
4.14387295677443e-06
4.25273248083613e-06
6.618094857913093e-06
1.0571415145932406e-05
1.650577382861229e-05
3.43923327363882e-05
9.168648557533743e-05
0.00036792438004340505
0.0015180029949988239
0.003912376123480499
0.005642872711177915
0.0046917503932490945
0.002451807333272882
0.0009774251375347376
0.0003638248890638352
0.00010591375598778542
1.3517308900645732e-05
4.09987740113138e-06
1.7096334715915873e-05
0.0001608984484846587
0.0027896740493815737
0.013016406606766394
0.028812431963160634
0.04551870748400688
0.056367890909314156
0.048195882234722376
0.026890026521869007
0.0099684609376709
0.0021234384003037125
0.0001605064610430418
2.6147020236066968e-05
4.216842071969041e-06
4.885972515467074e-07
2.120517947901135e-07
2.1347982936958942e-07
3.3417598643836754e-07
5.127017530526246e-07
5.211766591628475e-07
3.239560832923871e-07
1.6376267275575174e-07
1.259693185318156e-07
1.2512444058643268e-07
1.0617185175476607e-07
7.904199605945905e-08
7.5991945180931e-08
9.310689286223806e-08
1.0317203269494257e-07
9.674570478068745e-08
9.007970724894676e-08
8.67945608717946e-08
7.501799625941885e-08
6.686059172977821e-08
8.37140392562219e-08
1.086729568555711e-07
9.925639776753314e-08
6.164677213149616e-08
3.894656508407479e-08
3.971685202941444e-08
7.848533645216094e-08
6.380238000147641e-07
7.574789599118502e-06
5.592313607394316e-05
0.0002386589349043788
0.0011003964900737628
0.004206636469461955
0.00797411793610081
0.010080845560878515
0.032989298924803734
0.21899891505017874
0.5775584112852812
0.7641602456569672
0.5581550262868404
0.20324633794371041
0.02509126700169873
0.0020575415308030647
7.322679401511324e-05
1.630979344469097e-06
1.7632082993657153e-07
1.0859957910724916e-07
1.966245317674975e-07
3.9266254248104815e-07
6.756103587690632e-07
7.592350499407985e-07
6.284204658868475e-07
5.915235306019895e-07
6.162533310316576e-07
6.02233313884426e-07
5.104301692426816e-07
3.294845285495285e-07
2.7739969965523414e-07
5.946689825009344e-07
3.7990581134295094e-06
2.4000355153930283e-05
6.198137066348863e-05
0.0001172845259134192
0.0005658555601257831
0.0016165005872608162
0.002132531371898949
0.0017101812700275332
0.0011500194377731532
0.0005214895372773755
9.826967425397017e-05
3.1257553473551525e-05
1.2996094596928742e-05
6.096817571688008e-06
2.9961950644974422e-06
2.0995875331664138e-06
1.4936040031443554e-06
1.0822598710547027e-06
1.3966999574677175e-06
2.7583423900523485e-06
3.880152576130058e-06
3.492398548132769e-06
3.543683476436854e-06
8.172677951279184e-06
1.9252942820457974e-05
3.085186290263664e-05
4.705859464593232e-05
9.012529426399851e-05
0.00014409130017156713
0.00017201125228893943
0.0002068903049803339
0.00026363088181824423
0.0002519046356610488
0.00026205206086160615
0.0006737721669196617
0.0026507068832870573
0.013822711160173638
0.04076276870910078
0.05200377223081887
0.027392355259507898
0.005300950637320057
0.0011303574065095745
0.00047951731539797043
0.0006055308258510195
0.004711676359875127
0.03529894317034632
0.08477808954194188
0.10013828240334988
0.07581915147602558
0.043941553216427565
0.02068698708899319
0.007950598068418913
0.001975159872017685
0.00024673351231285784
2.4615274469397267e-05
3.435655855810183e-06
5.883143288087922e-07
4.167245890585036e-07
5.117841368473819e-07
4.0846250470849554e-07
2.9500064613330323e-07
3.0504909176443107e-07
2.963742282702242e-07
2.2112575059907158e-07
1.2670762572497551e-07
1.0415535989238833e-07
2.232683584679762e-07
4.835462021901549e-07
8.943393083882256e-07
1.498075533845622e-06
2.188118372714598e-06
2.487660992755991e-06
2.143491343531423e-06
2.1350377323869907e-06
4.736752913458986e-06
1.3763485867457348e-05
4.397425436764024e-05
0.00021085063144710145
0.0006122761315054959
0.001298640068853274
0.002242320158984512
0.0036280459607951343
0.013220779015682636
0.0822043304797262
0.3057317566126585
0.5846587754786015
0.5730744749307632
0.2718053099233657
0.052257837582146756
0.0033870295104208034
1.9916153283006114e-05
1.3559100420224015e-07
4.646414275555344e-08
2.325533356994924e-07
1.506855968003151e-06
4.906003098881229e-06
8.239007343036064e-06
8.81639948602242e-06
7.763584335407359e-06
6.103934424572799e-06
3.877506230764993e-06
1.8559717176458437e-06
8.174696546348059e-07
5.397274165375165e-07
4.785351706004803e-07
5.35631663467484e-07
5.281821842118006e-07
3.873518430452805e-07
2.1528973448425861e-07
2.040677351544673e-07
1.3295537364399477e-06
2.4242636300186856e-05
8.702366380930471e-05
0.00014791764078836422
0.0004368051777419168
0.0007517676531278994
0.000545681261428399
0.00023184227939054836
0.00015567242007819004
0.00013107824452163186
9.504599802312441e-05
0.00010597056098049507
0.00022011889814166352
0.000319305883749621
0.00029049181830487214
0.00017798145927372389
7.68030599829217e-05
2.965768135254621e-05
2.210840693805949e-05
3.5819190543406876e-05
7.432433631038293e-05
0.00011332020767440554
0.00012236366819706745
0.00011464867384347599
0.00011872675531776622
0.00012831074309360702
0.00013031121125095524
0.0001177953072328819
9.305436287831981e-05
7.430207006109413e-05
5.8852047914115246e-05
4.8683207751309965e-05
5.274239993013907e-05
6.031975954101654e-05
6.886526261951076e-05
8.01917449280154e-05
9.260371371055953e-05
0.00010515600661165081
0.00011655625166895334
0.00012111867908970453
0.00010388369446445722
6.987301276240032e-05
5.229590169619769e-05
6.0881389799760655e-05
7.125396405172069e-05
7.235364319058135e-05
7.073538108670618e-05
7.171101606218144e-05
7.065881254675332e-05
6.331087024591397e-05
6.912452408869285e-05
0.0001225578562298324
0.00022161670676723588
0.00028469847529777326
0.0002571363620518241
0.00018056477529171389
0.00011075368638557849
7.286784421012271e-05
5.6200738981715403e-05
4.8550595238339156e-05
5.1437769798212685e-05
5.770821462647291e-05
6.751654109393712e-05
9.813765882427106e-05
0.000157959506395855
0.00021566766372416168
0.00023495819550589658
0.00021575628488790244
0.00016868237980816048
0.00012246154619788285
9.928501458489336e-05
8.950488336267881e-05
8.585247451264877e-05
8.143442391883582e-05
8.036060535232536e-05
9.76493665802991e-05
0.000128716514154803
0.00017586565809324384
0.00026621508732205257
0.0004318529900046997
0.0007791853640810587
0.001309672006755136
0.0016578317154198885
0.0015091356181073934
0.001089582365239039
0.0008343823574250564
0.0009260609222110361
0.0012063070753356442
0.0012857317924499512
0.0011498574167490005
0.0010015266598202288
0.0008457049261778593
0.000773853957070969
0.0007049632258713245
0.0005587438936345279
0.0004702984952018596
0.000414984104281757
0.0003406078612897545
0.0003289187516202219
0.0003820307829300873
0.000412722714827396
0.000600723855313845
0.0012964735506102443
0.002842932502971962
0.0057961042039096355
0.010283663170412183
0.012649387819692492
0.009299023542553186
0.004011534867458977
0.0011769043412641624
0.00034803550806827843
0.0001628170675758156
7.35087141947588e-05
2.078722627629759e-05
6.890312192808779e-06
4.474839784052165e-06
3.8101061363704503e-06
3.463176767581899e-06
4.441007831701427e-06
6.208040645105939e-06
1.6570335560572858e-05
0.0001744999702850691
0.0017638905083003917
0.004963744577253237
0.006156511721201241
0.0038654933741781865
0.0012716334695141997
0.00022136850702736416
2.3404806938742698e-05
6.1083908349246485e-06
7.527159255005245e-06
1.2663191228057258e-05
3.13870821173623e-05
0.00029641361470567057
0.0013336679949134123
0.004248224868206307
0.012590648664627224
0.03887473768554628
0.07636527251452208
0.09827722050249577
0.09346431121230125
0.05924294888973237
0.01932178463903256
0.002310803844920884
0.00018754178381641398
9.594383755029412e-05
0.00013022349776292685
0.0001478206686442718
0.0001625400582270231
0.00016767186389188282
0.00013235941878519952
7.041743765512365e-05
3.287867639301112e-05
2.9098650429659756e-05
4.034894664073363e-05
3.92237898267922e-05
2.2585504211747324e-05
2.118387055816129e-05
3.7234920000628335e-05
6.0213923461560626e-05
7.152874241000973e-05
5.307571018420277e-05
3.252811620768625e-05
2.4005776140256785e-05
1.4955066717448064e-05
1.1700351478793891e-05
2.5186667471643887e-05
5.227035535426694e-05
9.711639722809196e-05
0.00022233403797145002
0.0005531118258659262
0.0008328205367433839
0.000645223080937285
0.00025840244234132115
5.872772584325504e-05
8.18345171182955e-06
3.1325501481660467e-06
1.7306862389432354e-05
6.17475461694994e-05
0.00014651302535639843
0.0005063968601461966
0.000993890680547338
0.0031547935504931952
0.03634298933320678
0.30086247250437737
0.6632560156285763
0.5746544618159533
0.19776335009373727
0.02126763330306858
0.0032493422622792423
0.0018886021334765246
0.0006547653742927652
3.282134002802195e-05
1.375132660541567e-05
3.2664835089235567e-05
7.875846586102853e-05
0.00014080387154535856
0.00018470653230906464
0.0001496032655268209
6.520533611364954e-05
1.8223919369120267e-05
8.515524996255408e-06
4.787140255757549e-06
2.7906632453778e-06
2.290538134275266e-06
2.574238351371605e-06
3.163789244808868e-06
3.700749118706881e-06
3.2987119595873082e-06
2.155558036065486e-06
2.0953869750428566e-06
3.0463392590718286e-06
3.094696154448684e-06
2.066175852633023e-06
1.4030888451088686e-06
2.0263478290871717e-06
3.3355073867369356e-06
3.5119096537528094e-06
2.425864806809841e-06
1.6774819755482895e-06
1.680769685208361e-06
2.5109088142016844e-06
3.7381680613179924e-06
3.839168869035348e-06
3.1397760267282138e-06
6.6889205641018626e-06
2.1744409423263278e-05
6.650625300608226e-05
0.0001841914145188639
0.0005842949540237896
0.0021216234454186633
0.006205834331922233
0.011264457483775914
0.010768758074846119
0.0057678641751408586
0.02710868994472548
0.239373869379051
0.6370144281536341
0.7966431528329849
0.5263073416426778
0.16518736653961244
0.012746777163329174
0.00024636990244175655
2.801100388971634e-06
1.0039674158690559e-07
2.384345263450882e-07
5.419992312738486e-07
7.933673344950876e-07
8.536957807336876e-07
7.292791224244866e-07
5.856660862946228e-07
4.882761075464259e-07
4.394463957169137e-07
5.028481595559242e-07
4.93863907990999e-07
2.9070221430060883e-07
1.1520080356319796e-07
7.964069226318315e-08
1.8962582792880764e-07
4.0949306878701464e-07
5.816809931502576e-07
7.025137449545582e-07
7.546161242544258e-07
6.013349320710404e-07
3.140884974328628e-07
1.0858019772186368e-07
3.789674796195186e-08
2.8300667143099645e-08
5.591188845244232e-08
1.908074729328746e-07
1.3039748587573283e-06
7.877132695455202e-06
2.1260280618662364e-05
0.00025528680544084636
0.000847803214128362
0.001228395034559071
0.0010288930643582717
0.0005899624829908134
0.0002053558376928777
2.520938454608768e-05
3.1181185136119898e-06
2.605807878808264e-06
4.121407698676194e-06
4.079217092112231e-06
2.6475927938918176e-06
1.6228419497110735e-06
1.4418880596167583e-06
1.5063922944591468e-06
1.4525529365982948e-06
1.5196957008356549e-06
1.8361420472956524e-06
2.014765243529837e-06
1.9936431385758624e-06
2.2644397006388317e-06
3.400883485937811e-06
5.143734824741841e-06
5.56374243387836e-06
4.476584649637516e-06
5.030709303355252e-06
1.3835692925567853e-05
4.101188574168191e-05
6.764609952369938e-05
5.796884988740203e-05
2.7086086447525307e-05
8.498872659856715e-06
2.9944858681574264e-06
2.3941819904393924e-06
4.440341882627763e-06
1.3305602180935237e-05
7.0525297360291e-05
0.00022153753525344655
0.00032659135104040615
0.00022662553192276394
6.743456714275454e-05
7.632745905539196e-06
4.560334843972669e-06
1.975778377527604e-05
0.00010399225129731347
0.0004460803029360249
0.0026404336895211595
0.008364029345102608
0.012648261850699782
0.011337772710248828
0.00800942222122103
0.005048974941018969
0.015288794878870247
0.22598560672486198
0.5917839957401156
0.5802815966308117
0.22550862235948446
0.027601631489233117
0.0035041896917391573
0.0006217940244823694
0.0002580571263024467
5.536556545848726e-05
4.002969308203319e-05
0.0002071724129564245
0.0008415591473749372
0.0016011770203476772
0.0015663707599742338
0.000917758166906424
0.00043777977407444274
0.00019591600721469152
7.098460719134891e-05
4.365732729638694e-05
8.455627812509192e-05
0.0002918998661698424
0.0011684020719258115
0.008283497154479846
0.030792299250606444
0.05086667649447918
0.040999554097652435
0.027443526312708855
0.1490157525986433
0.4906231388449669
0.7791297435760498
0.6618837080895901
0.2864245779346675
0.050764588610036306
0.0026726775313363764
0.00012199516277178193
1.8550275967754718e-05
1.1943405525016715e-05
1.8155125530938676e-05
1.6981152157313772e-05
9.308152016274107e-06
4.504695567675299e-06
2.2953852010232367e-06
9.269578953308156e-07
4.6849267931747823e-07
3.2696364016260304e-07
2.0791094179628547e-07
1.168267296236536e-07
9.576507054021022e-08
1.581644681891703e-07
5.521878616576714e-07
1.5905939747540287e-06
3.3988066263646033e-06
8.06404466402455e-06
2.23692293275235e-05
4.781926872965414e-05
8.247822552220896e-05
0.00013943932572146878
0.0002788898091239389
0.0006020650434948038
0.0007888565014582127
0.0005421691748779267
0.00023670360315009023
8.140664010625188e-05
1.1150390463399164e-05
2.0996330363232123e-06
7.005776154755949e-07
8.175520349595899e-07
1.1649371600697123e-06
1.5122285219604237e-06
1.5601408449583687e-06
1.2782426779267553e-06
1.0455591734626069e-06
9.886802132541561e-07
1.0011020492584066e-06
1.1376104822602429e-06
1.4153691836327198e-06
1.590784449945204e-06
1.5162171678184677e-06
1.369531162254134e-06
1.212598704114498e-06
1.0613927940994472e-06
1.1417604071084497e-06
1.6818767107906751e-06
2.796934978732679e-06
3.763863503536413e-06
3.6664138747255492e-06
3.2303789225807122e-06
3.1496217047788377e-06
2.94985238724621e-06
2.7480647872835107e-06
2.9770467904199904e-06
3.7219842283775506e-06
5.477849299495574e-06
7.860413916205289e-06
1.1432256087573478e-05
1.9731544625756214e-05
3.418242204134003e-05
4.267064196028514e-05
3.219808604626451e-05
1.4864832792227391e-05
6.082119114125817e-06
3.483955566707664e-06
1.9527916919059862e-06
8.974412750717421e-07
5.687199831072576e-07
5.453704048363761e-07
4.987127510958089e-07
4.669651758604232e-07
7.161130923805104e-07
1.323948225717686e-06
1.953240087004815e-06
2.3617228634975618e-06
3.5940890370511624e-06
7.082654860823823e-06
1.08318890852388e-05
1.176605428554467e-05
1.0024954008258646e-05
6.8153648271618295e-06
4.209384997011512e-06
3.446911762239324e-06
2.872985447766041e-06
1.8156449641537622e-06
3.141453163379992e-06
3.169394517499313e-05
0.000290017131192144
0.0023993144914129516
0.008174545349902473
0.012945001595653594
0.010701442486606538
0.0054173534153960645
0.0024400713882641867
0.0010787837818497792
0.000415058653743472
0.004450972657650708
0.1650102530038566
0.5204189894720912
0.6296343505382538
0.34256930230185395
0.07872353712446058
0.0068092354922555404
0.001397957959852647
0.0008035602913878394
0.00026665928453439847
0.0005134245548106264
0.0012826275415136479
0.0023643369204364717
0.0026414916792418808
0.0015951655004755596
0.0005308057607180672
0.00015185523488980834
4.75522829219699e-05
1.3554423048844912e-05
5.513617281849292e-06
3.4331348501837056e-06
3.45915844945921e-06
3.849617939977179e-06
5.645442570312298e-06
1.3366810776460625e-05
2.4519734779460123e-05
3.545384970493615e-05
6.433158705476671e-05
0.00013296143424668116
0.0002294272962899413
0.0003122273847111501
0.0003600601266953163
0.0003942047696909867
0.000510921650857199
0.0008101034836727194
0.0014249160885810852
0.004202243755571544
0.01306045358069241
0.02944812411442399
0.04479910247027874
0.04400088591501117
0.02632696542423219
0.008841097209369765
0.0016997651327983478
0.0005135352403158322
0.00047201492270687595
0.0013618436350952834
0.01085829164367169
0.0402475509326905
0.06989947985857725
0.06080350209958851
0.026637156377546493
0.008139380486682057
0.004675103060435504
0.002475437708199024
0.001010373598546721
0.0009347971063107252
0.0015737229405203834
0.0020278073789086193
0.0019009706447832286
0.0013009859394514933
0.0006823875301051885
0.0003035678564629052
0.00012859417984145693
6.80004832247505e-05
3.897384021911421e-05
2.0563455791489105e-05
8.369950819542282e-06
2.363018182904853e-06
8.528471084900957e-07
7.81421476858668e-07
7.621238466981595e-07
9.094167410239606e-07
1.293639769528454e-06
2.8412767392183014e-06
1.1492909834487362e-05
3.763544123103202e-05
0.00010217577528237598
0.00020035723355249502
0.00027693165247910656
0.0003283332771388814
0.0003632636507973075
0.0003255766823713202
0.0002706073282752186
0.0003597671129682567
0.0005775728859589435
0.000750281018554233
0.0010854311403818429
0.0015870447241468355
0.0035197365214116867
0.06564600000274368
0.3441754898522049
0.7162353955209255
0.7353800535202026
0.39595448225736624
0.10835993220098318
0.01557217465597205
0.003284894701209851
0.00048072612821670196
7.645356166108287e-05
5.604626892363741e-06
3.0017704659712763e-06
2.3555167700806123e-06
1.0228369902165468e-06
4.2799883459565535e-07
5.091823354064218e-07
8.865573093430612e-07
1.2960245783233404e-06
1.617893389038727e-06
1.6110463434415578e-06
1.2285308343962242e-06
7.965048425262466e-07
4.130373163491186e-07
2.14813873355979e-07
2.3766373047351408e-07
3.191701694049698e-07
3.911786023991226e-07
3.736142915045093e-07
2.6979866873944047e-07
1.6057917839873426e-07
1.2379084068925295e-07
1.7168026467118125e-07
2.4229663253549916e-07
2.596618138284157e-07
1.835493304014335e-07
1.0472750666679077e-07
1.0393407556819056e-07
9.935962053120306e-08
4.700550415570604e-08
2.3819937133851e-08
1.0105778414093435e-07
3.5849273771759727e-07
1.0247128443552356e-06
3.8990692985407804e-06
2.8006614229525436e-05
0.0001316837424383266
0.000405583454266889
0.0006910825904924423
0.0010019511537393555
0.00310657313093543
0.006957214995054528
0.007110365142580122
0.0030297681805677716
0.0005171043831069255
0.00015487639939237854
2.291685973432323e-05
6.817205985498732e-06
1.7800640250698054e-06
8.539849147837231e-07
1.3260825255656528e-06
3.004510887194556e-06
6.174840109451907e-06
1.0078046670969343e-05
1.2453579984139651e-05
1.2042715979987406e-05
1.0576805152595625e-05
1.0975093800880131e-05
1.1814954632427543e-05
9.323411291006778e-06
5.352446464712557e-06
2.8843963377767068e-06
1.681640299011633e-06
1.1695309751758032e-06
9.351091563303271e-07
7.736363727417483e-07
6.837958892447205e-07
6.690682425869454e-07
7.600473992397383e-07
9.28249932030667e-07
1.0003540324987625e-06
9.24978564853518e-07
8.518588288097817e-07
8.807998028714792e-07
9.991308758117157e-07
1.1911616866200347e-06
1.4698592849526904e-06
1.786025848105055e-06
1.976247659740693e-06
1.9239633104461973e-06
1.8253374207688466e-06
2.0583197795076558e-06
2.3067477457061614e-06
1.93371624845895e-06
1.3126373801242153e-06
9.94358117623051e-07
1.1822193073385279e-06
5.469238260502606e-06
5.2612977981425495e-05
0.00026903102570940973
0.0010529691862757318
0.004451952932868153
0.008695233205799013
0.00819536519702524
0.004281534726032987
0.0014164938256726602
0.0004034999474242795
0.0002561425426392816
0.0006972210139792877
0.04492633339395979
0.2829541537212208
0.5365170612931252
0.41068613342940813
0.12282340641831982
0.01078323755064048
0.0014457867364399135
0.0010954831523122266
0.000526967502082698
0.00024108205252559856
0.00035737584403250366
0.0007129361547413282
0.0009939553128788248
0.0008654533594381064
0.00048581298688077373
0.00020844539358222394
7.346942015828974e-05
1.6808555301395248e-05
4.158512240337586e-06
2.2897123699294752e-06
2.2903922172190505e-06
2.8755656558132614e-06
3.159978632538696e-06
2.9673786912098876e-06
3.6666121445705357e-06
4.895689926343039e-06
4.464765652301139e-06
3.1143494538810046e-06
2.668304034614266e-06
2.5063814064196777e-06
2.383624234880699e-06
3.286894923348882e-06
4.53420966550766e-06
4.617896422587364e-06
4.0906097638071515e-06
6.537765614211821e-06
1.995535433252371e-05
4.3083005266453256e-05
7.421642112603877e-05
0.0002975359348056372
0.0020637179077311885
0.008345821464899927
0.015404673060402274
0.014772102469578385
0.009124624659307301
0.0049235216865781695
0.0031900113099254668
0.01060906928614713
0.1334149205358699
0.4587712464854121
0.6940903887152672
0.5249539315700531
0.19037657650187614
0.02615501987384051
0.0011705962639325664
5.448495643989305e-05
7.804342061490389e-07
1.9232442483030354e-07
3.0341162471358984e-07
3.609336687304676e-07
3.3969415014212245e-07
2.3786874159270613e-07
1.5884605986116185e-07
1.8729964956776257e-07
2.3566805751329412e-07
2.643307439598175e-07
2.6058672375484093e-07
1.892402181624675e-07
1.4136183423829607e-07
3.532763344082923e-07
6.0882524373084826e-06
0.00012570783363230476
0.0006428451874853636
0.0014721367551828735
0.0019993795140180737
0.0016699173211236484
0.000773213276261231
0.00020479527847783177
6.679570878986851e-05
2.8227340408193413e-05
2.487502479198156e-05
3.286872106400551e-05
6.421901935027563e-05
0.00010438346180308145
0.00011246723443036899
8.351215637958376e-05
4.7534838358842535e-05
2.3123644723455076e-05
1.6795621377241332e-05
2.0804644691452268e-05
2.3136946765589528e-05
2.337307796551613e-05
2.330964662178303e-05
2.2270503905019723e-05
1.858039513535914e-05
1.2415353239703109e-05
8.692886467542849e-06
9.706021273814258e-06
1.4136032177702873e-05
1.9133756268274738e-05
2.3102275918063242e-05
2.7882407721335767e-05
3.231583514207159e-05
4.264009476173669e-05
0.00013328008299140492
0.0004434637485246639
0.000702162622474134
0.0006103454943513498
0.0004983144317520782
0.0009222851804224773
0.003468331575277261
0.012537689122837037
0.034781997092068195
0.05751665821298957
0.05271058203652501
0.02706777944695205
0.01005930860992521
0.01233150449115783
0.03745561663527042
0.068983169272542
0.07152710296213627
0.057215603068470955
0.07433636300265789
0.09819871932268143
0.08169647864997387
0.048406862653791904
0.01963524580060039
0.002912176868449024
0.0001880055083347543
2.8156897599274092e-05
8.275863613960157e-06
1.1077472947818026e-06
2.062122064216965e-07
1.0624511936896397e-07
1.0960360086187393e-07
1.85063997903967e-07
2.898860316236096e-07
2.9812167312570637e-07
2.1122905735637687e-07
1.4594169073234298e-07
1.259928943397881e-07
1.1423622225947838e-07
9.561907354793675e-08
8.422045993938809e-08
9.065675499186909e-08
1.005345033888716e-07
1.1351318995878046e-07
1.4186336727561866e-07
1.8096010734325318e-07
2.0173992609784364e-07
2.0329688865672324e-07
2.6536381270148013e-07
4.6277335385980223e-07
7.930244336762371e-07
1.0591922858793623e-06
1.0318193091052308e-06
8.360183301192592e-07
9.830256573195584e-07
2.744293624346028e-06
7.613808719497683e-06
2.0825232354582113e-05
8.268081796813931e-05
0.00037363184947025724
0.0020486215871642344
0.006364152824971825
0.01872680406086147
0.15143448859453199
0.48160031996667385
0.7602791786193848
0.6537885777652264
0.2794566052034498
0.043782711174571894
0.0022255474654002687
0.00012049334294061967
1.3389861917012526e-06
1.0902368696719124e-07
2.056951804441098e-07
4.1556465468772785e-07
3.604947576008044e-07
2.009829067617375e-07
2.106009855395996e-07
2.4283008670522577e-07
1.9245387861133167e-07
1.5059456970334395e-07
1.49777399371942e-07
1.3269495191536862e-07
7.279551184069533e-08
2.9860963923766803e-08
2.688273870177227e-08
3.2013525608221016e-08
6.309461930698035e-08
2.249153068234477e-07
7.800321775164321e-07
2.8206899713723033e-06
8.868214422363963e-06
4.021103245577251e-05
0.00021838201155333079
0.0005899470634176396
0.000714625417458592
0.0004383887353469618
0.001080880767403869
0.0029201659053796902
0.00407662900397554
0.0034925287181977183
0.0018294492110726426
0.0005535439158848021
0.00014204293620423414
5.239100573817269e-05
2.9775138727927697e-05
1.673731173923443e-05
8.321634823005297e-06
4.585937062984158e-06
2.888016325641729e-06
2.155205891085643e-06
2.437929850884757e-06
3.0493470717374294e-06
3.2536495950807875e-06
2.8859534211278515e-06
1.948328133494215e-06
1.0821697031815347e-06
6.514164994086968e-07
5.963717342183372e-07
1.0224238309319844e-06
1.965887676647071e-06
3.4946710343319864e-06
4.998744145723322e-06
6.169140647216409e-06
7.855365879549936e-06
9.509786195849301e-06
1.1110614195786184e-05
1.3404477385847713e-05
1.8721348851613584e-05
2.3768400296830805e-05
1.9390197621760308e-05
1.086453835341672e-05
6.55082101275184e-06
4.254320799645939e-06
2.248501814960946e-06
1.0808563501996105e-06
3.4042249836829792e-06
5.0936922576738646e-05
0.00037656027802768216
0.0013557300917454995
0.004281505272956565
0.007487569702789187
0.006511116051115096
0.002920573148003314
0.0007337313563766658
0.00010089726765727393
5.473058263305574e-05
0.000935915314585145
0.0030522622510034125
0.04109212185721844
0.2951701923739165
0.6188896857202053
0.5233850833028555
0.17825018597068268
0.018456491859979
0.001829299348173663
0.0017709242674754933
0.0010193800908382402
0.00016416969810961748
6.203700377227506e-05
7.377057954727206e-05
7.217743313958636e-05
5.434580680230283e-05
4.138133590458892e-05
5.050115987614845e-05
7.530465336458292e-05
0.00010857972665689886
0.00012583113857544959
0.0001142382880061632
0.00011374915447959211
0.00013101328841003124
0.00013597093129646964
0.0001136694845627062
6.638306058448507e-05
2.80012063740287e-05
2.029815868809237e-05
2.548485326769878e-05
2.572578341641929e-05
2.0644434698624536e-05
1.505143040958501e-05
1.162887565442361e-05
1.838008597587759e-05
5.5826434618211345e-05
0.0001796495516828145
0.0007415545551339163
0.0018509922228986397
0.005423438153229654
0.0518956430023536
0.2803697695489973
0.6210370734333992
0.6892551556229591
0.4179962053894997
0.13485392206348482
0.01928940832294757
0.0016897160139706104
0.00014647225452790738
2.584929711701989e-05
9.762213664998853e-06
3.5458354403772323e-06
8.762253216332284e-07
3.6987791673936954e-07
1.9828311970115922e-07
1.117381671633666e-07
2.1050304788161609e-07
5.536516987092455e-07
8.141904856984183e-07
6.005112780371746e-07
2.8435431431717006e-07
7.592156023861206e-07
9.596444201065422e-06
9.046894842867913e-05
0.00034819316715584137
0.0006637417245656252
0.002348671361687593
0.005393475934397429
0.005332179120159708
0.0026408290432300423
0.001381762995151803
0.0007215369305413334
0.00011128659389214592
3.248541474931699e-05
1.6422367025370477e-05
7.292247687473719e-06
4.88168598167249e-06
5.429064344752987e-06
6.681231752736494e-06
8.868313443599618e-06
1.303341946368164e-05
2.2265101733864867e-05
2.900403660532902e-05
2.3602620558449416e-05
1.3684815257875016e-05
7.598723414048437e-06
6.617878898396155e-05
0.0013334442082850726
0.009553205636620987
0.019316574675031006
0.017153641441836953
0.008698104822542518
0.0030527939452440482
0.0005347421019905597
6.161763188217152e-05
1.7945983437073214e-06
1.1347394099914252e-06
1.3399861959584312e-05
7.297277795714763e-05
0.000183891631422739
0.0004027514914923813
0.0014999073609942568
0.016109105126815848
0.18521334964316336
0.4742976175621152
0.4977830573916435
0.24484259495511654
0.057404073537327356
0.009353700908832252
0.004516139495535754
0.00175558018963784
0.00028394836590450723
0.00011979605551459827
0.00022542220722243653
0.0005374904721975327
0.0007364941848209128
0.0005364727694541216
0.00022478740265796662
7.538812951679574e-05
3.007170516866609e-05
1.5825289892745786e-05
8.804727713140892e-06
4.4136272094874585e-06
2.563783823461563e-06
2.2124976339910063e-06
2.1539458430197556e-06
2.2618611410507583e-06
2.1238492990960367e-06
1.7242681451534736e-06
1.9568386164792173e-06
2.712861373765918e-06
3.246073561058438e-06
4.1538933714946324e-06
6.359052406423871e-06
9.252002996618103e-06
1.2184534170955885e-05
1.4269538041844498e-05
1.3464961511999718e-05
1.1415391554692178e-05
1.2478352573452867e-05
1.668340178184735e-05
2.0535740077320952e-05
1.9946917973356904e-05
1.5526923789366265e-05
1.6035822000048938e-05
2.583435502856446e-05
3.200933360858471e-05
2.511515140213305e-05
1.9035131117561832e-05
2.5889107746479567e-05
3.813871308011585e-05
4.027718523502699e-05
3.385576565051451e-05
3.548177346601733e-05
4.781725783686852e-05
5.7612909586168826e-05
6.1472939705709e-05
0.00010077698971144855
0.00021547932192333974
0.0003367329809407238
0.0003376999666215852
0.0002320577477803454
0.00014771485984965693
0.00011382776210666634
9.915621376421768e-05
9.797389429877512e-05
0.00012080623855581507
0.0003279233460489195
0.0007193765668489505
0.0009572097915224731
0.0013161958195269108
0.002224840718554333
0.003313697874546051
0.004226176009979099
0.004703194368630648
0.003929070167941973
0.002081116515910253
0.000798385706730187
0.0003768949954974232
0.0001372927079046349
2.4063328055490277e-05
9.622133347875206e-06
8.958776334111462e-06
6.762344128219411e-06
0.0
