1.0
0.320881016086787
0.49337712675333023
0.32871710549807176
0.07994911286186836
0.0008738965077554897
7.84943554066331e-06
7.973634676972098e-07
2.088275614653412e-07
4.86845506131317e-07
1.3213934551004058e-06
3.88467174161633e-06
6.839294087512826e-06
7.766905355310882e-06
1.0262666705784795e-05
1.67550917922199e-05
2.629347909532953e-05
3.4277742088306695e-05
3.181110969308065e-05
2.5736685984156793e-05
2.9901392736064736e-05
3.154026239826635e-05
1.928563528963423e-05
8.622174618722056e-06
5.540916845347965e-06
3.5524745953807724e-06
1.7798719795791842e-06
1.0589177747988288e-06
1.3592088521363621e-06
2.158441731126004e-06
3.3798366416704084e-06
5.418342880147975e-06
7.423364422720624e-06
6.844301310593437e-06
4.879057769358042e-06
6.51774359994306e-06
1.1201793768123025e-05
1.2785518492819392e-05
9.491709988651564e-06
5.4325314522429835e-06
3.83354722544027e-06
3.957122999054263e-06
3.886308718392684e-06
4.147369509155396e-06
7.589114261463692e-06
1.2410138879204169e-05
1.158340057827445e-05
6.0706539102284304e-06
2.8549252988341323e-06
2.6933855110655713e-06
3.9710642454338085e-06
5.128457246428297e-06
4.362241725175409e-06
3.392717644601362e-06
3.6594301491277292e-06
4.211585860502964e-06
5.543820634557051e-06
1.6385401522711618e-05
0.00011757753259189484
0.0006881318740852292
0.01891813905240269
0.11139365576673298
0.18878136947751045
0.11905143316835166
0.027407002635300163
0.006093082774896175
0.003983297501690686
0.0049525334616191685
0.008136407006531954
0.026387919206172224
0.07458360400050879
0.11256023868918419
0.08684433531016111
0.03221512062009425
0.005345362849766389
0.0008548636101295416
0.00010132339218671406
9.620833566259536e-06
2.0222320529228455e-06
1.7384556372235238e-06
2.211092265724801e-06
2.548794952872413e-06
2.0994102101212775e-06
1.144659918850266e-06
5.591522977965724e-07
3.816460463212934e-07
3.0463564826277434e-07
3.018899619178228e-07
3.265790411433045e-07
3.714150480504941e-07
4.852109043440578e-07
5.742105742001513e-07
5.485182441589131e-07
4.988976627373631e-07
4.7663642988027277e-07
4.4710304791806266e-07
4.4169550506012456e-07
4.771047770191217e-07
5.138975325280626e-07
5.888795868713714e-07
6.387712403466139e-07
5.114869594535776e-07
3.3418257316952804e-07
3.1551957135889097e-07
4.404343769692787e-07
6.672356391845824e-07
9.033844605710328e-07
9.84851197927128e-07
9.125911759610972e-07
7.319946320194504e-07
4.793631909194573e-07
2.572108535048301e-07
1.5004176390220891e-07
1.8350405284195404e-07
2.963717840032132e-07
4.1222062918677693e-07
6.348472396666693e-07
1.1672927797690136e-06
1.5736043792458076e-06
1.3319292975211283e-06
8.772584294547414e-07
6.002481143241312e-07
4.4247838104638504e-07
3.1909750930481096e-07
1.8653426892001335e-07
1.480980493795414e-07
2.750461440825802e-07
4.894354255213784e-07
5.597707897209148e-07
4.262567969703923e-07
3.94879144494098e-07
8.902569064161979e-07
1.9603681380431226e-06
3.134371070245834e-06
3.804677191965311e-06
3.486007756237086e-06
2.5606207429973438e-06
1.8042081251223863e-06
1.2163690428224072e-06
7.132609525228872e-07
4.607133021750087e-07
3.949725595475684e-07
3.4808022775223435e-07
2.531180776088604e-07
1.708306101022572e-07
1.7826427622935626e-07
2.2714839786885932e-07
2.471213207400069e-07
3.2168778574259704e-07
7.166233260136323e-07
1.5149550449677918e-06
2.6965482504692773e-06
3.8146387737469922e-06
3.824010377684317e-06
2.8803074201277923e-06
2.1523396185330057e-06
1.766161403793376e-06
1.28396000320663e-06
9.364944162371103e-07
8.778795148600693e-07
9.07964988527965e-07
1.1626511877693702e-06
1.7917263619438017e-06
2.612225358689102e-06
3.213799118384486e-06
3.1580291874888644e-06
2.463788234763342e-06
1.846840149255513e-06
3.653400767689163e-06
7.731570491387174e-06
8.475424465359538e-06
5.172500664230029e-06
2.8467437687140773e-06
2.4242182234957e-06
2.2116014974926657e-06
1.8724504684541898e-06
2.026800927978911e-06
2.6256660703438683e-06
2.8790890382879297e-06
2.86246950054192e-06
3.0529672017109988e-06
3.416451079374383e-06
3.6071216982236365e-06
3.0690667642829794e-06
1.9446729595529177e-06
1.4802485850395897e-06
3.0787458911163412e-06
9.764203468876076e-06
1.979808428131946e-05
2.2018955860403366e-05
1.4492075820271568e-05
7.292783664070158e-06
3.757247412750076e-06
2.924747150245821e-06
5.5806703755933995e-06
1.2928703085890447e-05
0.00010450318427501769
0.0024479016096847768
0.07947013622469966
0.26185282692313194
0.3474147990345955
0.2199366497807205
0.06205159294768238
0.005134716194561407
0.0003440146722084592
4.433520725655172e-06
5.521222448123809e-07
7.957604086783476e-08
5.953538106950873e-08
5.339135533688477e-08
9.56894581349843e-08
3.064232538818601e-07
2.191899000081321e-06
1.111814347609652e-05
4.064776021550642e-05
0.00013372477405937389
0.00021126280626049265
0.0001712894591037184
0.00018153937344322912
0.0002212381259596441
0.00012218162237331853
3.554281465767417e-05
4.030826721646008e-05
5.500920815393329e-05
5.2245329243305605e-05
3.228250329811999e-05
1.4040758514966002e-05
8.671137493365677e-06
1.0787542350954027e-05
1.153428343059204e-05
9.319334139945568e-06
7.626669003002462e-06
9.391910452904995e-06
1.2217168887218577e-05
1.547474266772042e-05
4.357736361271236e-05
0.00033262714850934566
0.003188864802723401
0.01923512975918129
0.052266167709603906
0.06766088027507067
0.04503133846446872
0.017418436997104436
0.004512974021963601
0.0004016382764007177
1.6776144661889706e-05
6.953939475806692e-06
1.4748877674719552e-05
4.564363212011813e-05
0.00013198321448726347
0.0006680608639726414
0.0012676816259045154
0.0013397134898696095
0.001746892769006081
0.0018529588560340926
0.0008650861545902445
0.00013154441251117535
1.8325991106848963e-05
3.1770788382345927e-06
2.380046396410762e-06
1.8841845985662076e-06
1.168574044640991e-06
7.734203961717867e-07
9.178765481010487e-07
1.1517479094891314e-06
1.081759279486505e-06
1.345701662103238e-06
2.278061487004379e-06
2.6753723147976416e-06
1.7445238107427487e-06
5.748445470743492e-07
1.5720109658445836e-07
1.775717013430267e-07
1.8275725643945862e-07
1.796614910176686e-07
1.1143578699801537e-06
6.380395123528614e-05
0.0003378344088105223
0.0009046680788742378
0.0020009036525152624
0.002787023375276476
0.0020426547853276134
0.001224057050421834
0.001219458514242433
0.0010133789764950052
0.0012126863148296252
0.0026296973665012047
0.00808195787249133
0.014767132699489594
0.01235177495982498
0.004528938094154001
0.0009407195539097303
0.00032554774793425173
5.8392959999764585e-05
3.877094798099279e-06
8.601630376858794e-07
2.0417196466837598e-07
1.5801935049353233e-07
2.3604503596175164e-07
3.9060270751178905e-07
5.312802997536892e-07
6.699493582118521e-07
1.5181242360995384e-06
7.654344415186642e-06
5.8261531648895464e-05
0.00026465818564247456
0.0006292573089012876
0.0008761735807638615
0.0008222844480769709
0.0006408212066162378
0.0007008916727500036
0.001370906364172697
0.0023620357387699187
0.0031668756855651736
0.0038565293652936816
0.0039764169487170875
0.0028093013825127855
0.0012371344637358563
0.0005173387471586466
0.00040727940358920023
0.0008413447940256446
0.0024056059555732645
0.006552080158144236
0.01634282956365496
0.025870587909594178
0.023206779500469565
0.012153534044045957
0.00411306023306679
0.0009293613670706693
9.471099224356295e-05
8.644267154522824e-06
2.4772979969611697e-06
9.668826379538586e-07
2.1583414699932749e-07
1.1204904737383004e-07
3.045529108902656e-07
6.072444307392288e-07
7.08838427954106e-07
6.54103601505085e-07
7.053941288859278e-07
8.682142578209096e-07
1.1613476829097635e-06
1.4484229495792533e-06
1.35442124360452e-06
1.652676246521878e-06
3.910280526042698e-06
1.0689096825444722e-05
1.6857981790963095e-05
1.8487136458134046e-05
4.333756987762172e-05
0.00013110289592077606
0.0005057216421846533
0.001669747660344001
0.0035111729230266064
0.0062689652550034225
0.008348489878699183
0.006355238409014419
0.003221371909603477
0.037450555624673136
0.265444076329004
0.5961924381554127
0.5935966707766056
0.28219952154904604
0.05911178654059769
0.005162387038581073
0.0022029363972251303
0.0006939896538824543
0.00017950091523744052
3.7911711160631974e-05
1.0552030744293006e-05
7.530531206612068e-06
5.831124667565746e-06
5.641298571390507e-06
6.767575428057171e-06
1.0925017022600514e-05
1.914838026095822e-05
2.3588906515215058e-05
2.1034223664173624e-05
1.9595834601204842e-05
2.4090942133625504e-05
3.570799617591547e-05
4.196229929220863e-05
3.1932396723277634e-05
2.0647540850404766e-05
1.4672270253868192e-05
8.833357071580394e-06
4.4294482677287306e-06
2.503438594203544e-06
2.0135570366619504e-06
1.792862576621701e-06
1.606371142770513e-06
1.2299966130058237e-06
7.46793006101143e-07
5.777004616902559e-07
1.4008063260462222e-06
6.076349805539393e-06
4.5099890655819756e-05
0.0002918635022979288
0.0015744794545753391
0.004483634023927152
0.008068929542787373
0.010346227092668414
0.01758721051737666
0.05629537045024335
0.13428914826363325
0.17868825793266296
0.12971874140203
0.05008101544808597
0.009676331341324841
0.0008385280380025507
0.00010106234640261393
4.664969083023607e-05
2.026836074264793e-05
5.142087111664751e-06
5.475221591666468e-07
2.3297836193592047e-07
1.4717308438605414e-07
8.004244023140927e-08
4.1951689233599154e-08
5.210162434821086e-08
9.587410421119102e-08
2.31014848139921e-07
9.148630510935617e-07
2.4307169042003807e-06
8.500505941810843e-06
3.0032906238375286e-05
8.083145030468586e-05
0.00023831887665437532
0.0005341692158253863
0.0010870854021050036
0.002122320918715559
0.00314352655550465
0.010572521481662987
0.04344650561688468
0.08868822827935219
0.08495957520790398
0.06125007616356015
0.18229173053987321
0.3383447788655758
0.26058151852339506
0.08766459615435453
0.014192387126968246
0.0008625923928775593
0.0001894415454444243
3.8228572975640425e-05
7.139853039461742e-06
2.7960308841556984e-06
9.215839540388516e-07
3.382042166322208e-07
1.8854439431947867e-07
1.5025927169176612e-07
1.3218650352087025e-07
1.2962513196157488e-07
1.3365442796953175e-07
1.1900435126221964e-07
9.562354108538784e-08
9.078973128850976e-08
1.1504350538871222e-07
1.515472387580985e-07
1.6783364742423146e-07
1.498548414247125e-07
1.0898335034426054e-07
6.802555319040948e-08
4.622052429681389e-08
5.355706456100506e-08
1.1281806067131583e-07
2.3575364416217326e-07
3.721388246447077e-07
5.748495297552836e-07
9.933868341249763e-07
1.96629216020483e-06
3.0225750435874943e-06
2.878518131410601e-06
1.8384593829523512e-06
9.687721771456381e-07
4.7466463826140176e-07
2.6307792921898e-07
2.001264753914711e-07
2.0783635790166954e-07
2.5608285980638357e-07
2.558675760155893e-07
1.771770730130129e-07
1.1050585513316946e-07
8.496868808549607e-08
9.42176114904214e-08
1.264009128476573e-07
1.5360255289920133e-07
2.061525243846063e-07
3.078637256237471e-07
4.2757673668347707e-07
4.982043293466631e-07
4.783003220154569e-07
3.881515908688016e-07
2.91099382820903e-07
2.8460282663900216e-07
3.8663691270812706e-07
4.888453091211886e-07
6.10969109970938e-07
1.0790411693051283e-06
1.5197842486713853e-06
1.2353515330687515e-06
7.715193532931153e-07
7.604137692851509e-07
1.1333497127452574e-06
1.8630740612479713e-06
2.9603021687307773e-06
4.023037661227136e-06
6.228228130567004e-06
2.485452546352462e-05
0.00014542881831403065
0.000354777821485186
0.0005244130807113834
0.0007886085077188909
0.0014549403276760131
0.004771693609654903
0.016806731407996267
0.05233680480159819
0.14357420522719622
0.3009500578045845
0.35625460743904114
0.20019981078803542
0.04388774378458039
0.003324890933527059
0.00010234726951807718
2.9747972094540395e-06
6.93563704246003e-08
3.6634907552013374e-08
7.040726845986e-08
1.1207845318494947e-07
1.8798647261064616e-07
7.168676958713148e-07
1.9993500188775215e-06
3.967901022861042e-06
5.5601686312911625e-06
7.121990506675502e-06
1.4712775850966862e-05
7.872757578297751e-05
0.0006230417784536256
0.001822220681788167
0.0034045862266793847
0.006413195747882128
0.03899842430837452
0.24393566255457697
0.4666963331401348
0.3414500665385276
0.08790315432270292
0.004011853217889439
0.00010482268771738747
3.407375822916948e-05
5.677982670704297e-06
1.0269578538668613e-06
8.158496456189822e-07
3.297692764192561e-06
1.1185706966898579e-05
1.9122157937090378e-05
1.5356037550873225e-05
5.436662391389292e-06
1.182114516495858e-06
1.5267328450363493e-06
3.97869408175211e-06
1.4068906125430656e-05
6.854526327515487e-05
0.0005628031740343431
0.005671428552886936
0.023025528178550303
0.07631755666807294
0.2740158010274172
0.5161859467625618
0.4547587838023901
0.17969752242788675
0.02761358059069608
0.0023184138080978305
0.00031957115788827656
5.688248211299652e-05
1.0260349057489295e-05
1.3186620009264518e-06
2.198486122040322e-07
1.9158439101829572e-07
5.284200845778741e-07
1.514895281218287e-06
2.5208546219346317e-06
3.674418735499785e-06
9.411783366886084e-06
2.3728441078674223e-05
4.314255102144671e-05
7.137742977647576e-05
0.00010675869089027401
0.00011504198300826829
9.32816674321657e-05
6.393895682776929e-05
2.9147079771973953e-05
7.413613730022917e-06
3.907239488398773e-06
4.838520112571132e-06
5.900916676182533e-06
4.637876088509074e-06
2.7423898814049608e-06
1.7321656997637547e-06
1.2153988109275815e-06
1.339283087986587e-06
2.212823375202788e-06
4.428245460985636e-06
6.211227855601464e-06
1.1047010048059747e-05
7.121336602722295e-05
0.0004858827815041877
0.0022031353182683233
0.005605830636341125
0.007692495943047106
0.005782385036582127
0.0030148455407470465
0.027874270250322294
0.23412200988968832
0.46057744696736336
0.335210126824677
0.09208062538527885
0.010314956860383974
0.0003486686327960342
0.00021921507504885085
0.00012425762179191224
5.111593327455922e-05
1.5927902268231264e-05
9.534549462841824e-06
1.1631949973889277e-05
1.0836533192559727e-05
7.2571877467453305e-06
3.500074427620348e-06
1.6661364270476042e-06
1.61741721171893e-06
1.731058347331782e-06
1.3861066605613814e-06
8.613675248625442e-07
7.535432047234281e-07
1.6872469785766953e-06
4.887419066790244e-06
8.427244949871238e-06
8.546643584850244e-06
1.1186647043359699e-05
2.1745328695033095e-05
2.8989107249799417e-05
2.3210682684293715e-05
1.3385370721152869e-05
1.1900619483640185e-05
1.8273846080774092e-05
4.392674372866168e-05
8.53008955346013e-05
0.00010342794848838821
0.00020048694204888304
0.0006087802612455562
0.0013020084297750145
0.005070203973446041
0.01050094369566068
0.009723828465212137
0.00569806108251214
0.003859346470562741
0.0019931123533751816
0.0006048717550584115
0.00033890449776663445
0.00013263135315355615
1.8698735530620073e-05
1.989750696651527e-06
3.5615961735402385e-07
1.7447119660118915e-07
2.2531026644401209e-07
2.562499901159754e-07
1.8284592506745412e-07
9.700130387813033e-08
5.912777467642628e-08
6.348197612027207e-08
8.603262280360013e-08
9.384359422881516e-08
8.781067251106833e-08
6.52692877523009e-08
4.548004195470412e-08
5.326500573943349e-08
7.30531573012172e-08
8.113910787699297e-08
6.435616217714824e-08
3.32343477182917e-08
1.673949467928537e-08
1.9452662591845638e-08
2.864774417687954e-08
3.799552494854197e-08
4.5634311440778674e-08
4.766409045231512e-08
4.1761597735501255e-08
3.5705242318329056e-08
3.7040822853384725e-08
4.4258062104063356e-08
6.49327605017902e-08
1.8214398611604565e-07
6.050580036998099e-07
1.2675099867465178e-06
1.6406717122663395e-06
1.3774566696156398e-06
7.896938427620627e-07
3.724501347335263e-07
1.7282297726239906e-07
7.136192259338259e-08
3.2076495237731706e-08
1.743218769334476e-08
1.759893697439452e-08
2.367237161848834e-08
2.5197787412167827e-08
2.0458276406287723e-08
2.1911524150652895e-08
3.512403434768885e-08
4.557896016166296e-08
4.895718141995076e-08
8.207426560602471e-08
1.819792752044691e-07
3.336094103190135e-07
3.777110570979403e-07
2.3300943219339845e-07
1.0329509514406254e-07
7.639230226175187e-08
6.965324317320665e-08
8.992981292976765e-08
1.3957615685455949e-07
2.0550898582882837e-07
3.8618570741277836e-07
8.635038497573078e-07
1.6007451506538928e-06
2.1777395602384786e-06
2.539138733936852e-06
2.5083706987061305e-06
1.656146864092989e-06
6.697710404068858e-07
1.9936571504786118e-07
5.294271510081217e-08
2.2174453828682772e-08
1.4659408797967899e-08
1.0995469645891376e-08
1.4371807743884801e-08
2.5825503291443397e-08
3.233085266174385e-08
3.0486972057985895e-08
3.2300061736378893e-08
4.705694323092757e-08
1.9260482808647336e-07
3.7926764910878315e-06
2.0102350674733316e-05
9.448331434214195e-05
0.00026316247567592654
0.0005225984859862365
0.0007910029307822697
0.0017655672127148134
0.006012981568346731
0.011863288003951311
0.01143913867417723
0.006404048763215543
0.038725357153452926
0.26111848559230566
0.5221759378910065
0.4221654906868935
0.14085459521447777
0.016577588139625735
0.0003061110237467801
9.602708519196314e-05
2.4940899194803027e-05
2.428303425006107e-06
5.386756214420529e-07
1.1989006694079762e-06
2.7848295047760985e-06
3.3059419308756333e-06
2.063896118897901e-06
7.374401356230466e-07
3.020882317628093e-07
3.817554592444594e-07
4.771285944116244e-07
4.995914082428499e-07
9.065223736115513e-07
6.585638089973144e-06
6.317672784916795e-05
0.00021153450643396354
0.0010419290265417658
0.004278974512999412
0.02726185199571773
0.18977955239824948
0.46355681866407394
0.5371456891298294
0.34243769757449627
0.12094566237647088
0.01967236497876002
0.00179790378024336
0.00016010321496651161
3.2862417697288045e-05
6.2540813132727635e-06
2.863293971699932e-06
1.0113273987144566e-06
3.383723026217922e-07
1.7802580920545097e-07
1.1297570168267157e-07
1.2883709921140962e-07
2.2927467568933935e-07
3.1540402041230205e-06
1.5256029548993409e-05
7.602069285894686e-05
0.00024942716208897764
0.0003501157625578344
0.00021378502424340698
8.140317731886171e-05
5.341865698937909e-05
2.7311983785693886e-05
6.681408237341203e-06
9.18021164864058e-07
4.4521827646804013e-07
4.476647532669631e-07
3.1456060156642707e-07
2.2300338287095656e-07
3.600245079837805e-07
6.159947787409692e-07
8.345894713102098e-07
8.305232270799934e-07
5.389882034023685e-07
2.675697494680662e-07
1.6406580982675223e-07
1.306545520662894e-07
1.4736910003421144e-07
1.8989330641261404e-07
2.0843054926444893e-07
1.710333705773337e-07
1.5066143532749265e-07
2.159802505730113e-07
2.668319467602487e-07
2.967310450685545e-07
6.940459655879749e-07
1.7472449798106027e-06
2.6815387172973715e-06
2.7330671059644374e-06
2.551731995481532e-06
2.6957263798976783e-06
3.3653820423751313e-06
4.276926631519018e-06
4.119938353142061e-06
2.855565497839052e-06
1.8605731781917711e-06
1.6619472660295287e-06
2.1315364335805498e-06
2.872083200600173e-06
2.69540146291547e-06
1.6195506447047594e-06
9.63905307571622e-07
8.756998539638516e-07
9.005885033275263e-07
1.1920980682589288e-06
1.9077462809491408e-06
2.9609764453653042e-06
3.415843821130693e-06
2.4559041378324764e-06
1.3832667207225313e-06
1.635412587575047e-06
2.819229479200658e-06
4.468301938231889e-06
7.29036446500686e-06
1.2146970561843773e-05
1.8401668739898014e-05
1.9181780089638778e-05
1.102738960412353e-05
3.1708972585420274e-06
8.490294050034209e-07
1.0303963335900335e-06
2.056171510389504e-06
3.326245803236816e-06
7.2350678124166726e-06
2.4878977114894948e-05
0.00011592411601668572
0.0006079216873331461
0.0027992999894195236
0.006359215098200366
0.012157017947174609
0.03386886138468981
0.0754234823398292
0.14511879533529282
0.21682075411081314
0.190411277115345
0.08506383560597898
0.019630418973974887
0.005505966313648969
0.0028790447977371514
0.0013031787821091714
0.00034921238511742564
7.921821134004858e-05
3.288248262833804e-05
1.1511485979553983e-05
3.4273765940895377e-06
6.525734406181983e-07
8.270255698050731e-07
1.5473396501874959e-06
1.4333357825080384e-06
8.174764758450693e-07
7.477952266299326e-07
1.364183944474462e-06
2.626667679805905e-06
4.15080182847305e-06
7.031279210423236e-06
2.345496102407196e-05
0.00013114272860548226
0.00041941634481190704
0.0008428982182522304
0.0019331997464178128
0.0042679325270000845
0.008398601785302162
0.010811856598593295
0.00822562724351883
0.024133980390615758
0.20440189214423296
0.38909584656357765
0.2520971163176
0.0499950229022943
0.00387779909578967
0.00022277574680629186
0.00022214190084923757
9.78930522137489e-05
4.932166937976491e-06
3.356549882482796e-07
2.5401764958132844e-07
3.538699573368831e-07
4.916571825219762e-07
6.020488640956501e-07
5.539756031680554e-07
4.4095399687194003e-07
4.054217015436734e-07
5.296248559716332e-07
8.793450163580019e-07
1.6626266443608984e-06
5.683086612862098e-06
3.6773192732653115e-05
0.0009599139978035963
0.04193868309630488
0.23669527034508062
0.4859084226191044
0.49014487117528915
0.27432377729564905
0.08522748830728234
0.012819667521398516
0.0023148407517510354
0.0003348346482319187
1.524937043939634e-05
5.1345684509707126e-08
1.762272827665612e-09
9.49388193061118e-10
1.5313088297386201e-09
8.911082247098356e-09
5.141548864440181e-07
2.834112346583595e-06
1.8973911437569768e-05
0.0003176930426889157
0.0011162012269778643
0.0015422065189341083
0.001213695970363915
0.0007885047261879663
0.00031709702693660807
1.7378886212782166e-05
2.5859348937729014e-06
1.0479936634055775e-06
3.1038165246854983e-06
7.180615881452468e-06
8.297338581542135e-06
5.432973637198302e-06
3.3236715353268664e-06
2.526399185853734e-06
1.3893418504551391e-06
4.504297450580453e-07
1.2418218986454121e-07
8.589567990213709e-08
9.837422609848545e-08
1.4586058050269912e-07
2.1420273554895175e-07
2.393174725057179e-07
2.0827504343401415e-07
1.8142300461931882e-07
1.689667499249481e-07
1.7382333084015045e-07
2.046104086161904e-07
1.9712064869281676e-07
1.3993431480230356e-07
9.207023765611666e-08
7.13136056873509e-08
1.2774368229884203e-07
2.5216813703821117e-07
2.8658551087801243e-07
2.0060282324152467e-07
1.4539730130991302e-07
2.204062958810482e-07
3.4334701126681466e-07
5.328963013084831e-07
1.0606459497353171e-06
1.4815409627999543e-06
1.1290842323319339e-06
5.377560867714237e-07
3.2908715752455464e-07
4.378053191089748e-07
7.476127095173979e-07
1.1154603214436065e-06
1.1353345854558938e-06
7.693309953538119e-07
6.01403812083845e-07
6.778145120733825e-07
5.817142323394364e-07
3.399357524358493e-07
1.7420931541778373e-07
1.0591527832559677e-07
7.098607124333967e-08
5.605846631340228e-08
9.219830499063164e-08
1.4334336562171757e-07
1.2716997233042093e-07
1.4342725407345824e-07
3.0977972542700627e-07
6.23217552231381e-07
1.0165937851525086e-06
1.044417800244446e-06
5.767053501415376e-07
1.9323496314171964e-07
7.24003865748557e-08
3.87046759087184e-08
5.6485188526522734e-08
9.273398315912118e-08
1.1120449983081926e-07
1.0711664089058104e-07
1.0452033549768203e-07
1.5469970549020218e-07
3.059428621554616e-07
4.897537522197126e-07
7.219602622399179e-07
1.1093107303850047e-06
1.3679947130640357e-06
1.2832753384373063e-06
1.1263523447269108e-06
9.477068516616782e-07
6.868716440067146e-07
4.7061132590897614e-07
2.92412185132207e-07
1.510285230210684e-07
1.0981076314919846e-07
1.2030746709967843e-07
1.0592968457956431e-07
9.013024815374138e-08
1.2478144206795605e-07
1.4712957252527303e-07
1.0777564440900279e-07
7.428637083251033e-08
9.092105912600346e-08
1.4976802198418682e-07
1.794221446971278e-07
1.2104882962660213e-07
5.099534750030444e-08
3.4154045813750145e-08
5.784153156440652e-08
1.2385676928516887e-07
2.065740822843054e-07
2.2810484523461128e-07
1.7700393684094706e-07
1.2193337539656568e-07
9.283454538433489e-08
7.122586254126873e-08
4.7343669429267266e-08
2.5021934746405353e-08
1.1322460413687452e-08
7.165121607144442e-09
8.220835012728855e-09
1.3222938299861653e-08
1.8360160281005733e-08
2.0522247456966625e-08
2.5005549186829512e-08
4.036424039455255e-08
1.6482690767816163e-07
5.263720286308171e-07
1.8637127965348552e-06
3.564284443768883e-05
0.0005958489399517929
0.004069457696459722
0.008015145489480346
0.006396345561370254
0.002309125749889063
0.0004927871168547426
8.902011200007111e-05
2.2022789380571343e-05
1.5153578488025232e-05
3.067085935981595e-05
7.967504507178091e-05
0.00016172276627912652
0.00025576397092663683
0.0015363940437964627
0.01748870591109153
0.06816076580435038
0.1078959433361888
0.08041659370064735
0.03208153345622122
0.009362691635033117
0.0022442883018811703
0.00045338677773543173
8.686950695846464e-05
3.678469283840968e-05
2.8901088171551237e-05
1.9414632333791815e-05
1.0783097877720138e-05
6.05540105880209e-06
3.98990917460651e-06
2.063251685058276e-06
1.0770699532258732e-06
1.4539941446400917e-06
2.2127227055079857e-06
2.6801583317137556e-06
3.2536956950934837e-06
3.920492190445657e-06
3.978285860739561e-06
3.621620692229044e-06
3.2742560733822756e-06
2.4719088855817972e-06
1.3935444087564974e-06
9.509319625067292e-07
1.2162643372448656e-06
1.7817052935242828e-06
2.4039570689637912e-06
2.6411016733618453e-06
2.351940793232643e-06
2.6295828092770535e-06
4.14343986676613e-06
6.155164214760589e-06
7.387061941699358e-06
7.665797738809488e-06
9.073849469132256e-06
1.1869445188494865e-05
1.4531873830492259e-05
1.746966836435604e-05
1.9205249827791704e-05
1.838481830418459e-05
1.9195330423826817e-05
2.677666407180368e-05
4.023841665912187e-05
4.408303266245639e-05
3.240992555220146e-05
2.6652799533621874e-05
3.497195393720176e-05
4.454918234841898e-05
4.180172481937916e-05
2.858684138118406e-05
2.125219589288463e-05
2.6114966658496996e-05
4.770267241838155e-05
6.867043703095987e-05
8.555592467018869e-05
0.00017566103815624956
0.0004863102658418938
0.0008884113340172917
0.0009029845969052985
0.0005371999723138288
0.00024700446738279425
0.00013811672579322476
8.308332735396107e-05
3.8466570231321384e-05
1.1948645834536366e-05
3.605321182931221e-06
2.8221981267506635e-06
4.78608785670076e-06
1.1825989645330992e-05
3.506991538415605e-05
0.00011076847158619783
0.00017884911176224705
0.0001285886933146685
3.912234387826175e-05
6.634870317157039e-06
2.502005173710131e-06
1.8248798596687266e-06
1.8895601954227459e-06
1.950696685071307e-06
3.2350951642001746e-06
1.6502116238825693e-05
0.00019876370208748992
0.0024761121294432083
0.011870456073665991
0.028083057142794132
0.03894039895385504
0.034006556030362844
0.01998081710189581
0.009892952046357095
0.005280346260406077
0.002563061425462365
0.0010995953998644836
0.0004943687927152496
0.00021235272652120332
6.149602882032923e-05
1.0409790490939487e-05
1.715897042231518e-06
6.509941030685695e-07
2.9533410383919545e-07
1.8764959719419494e-07
2.530883804752193e-07
4.730046043732727e-07
1.6401876692384574e-06
3.2294782386088627e-06
2.8935246518813074e-06
1.1544022378018328e-06
2.3130433390861074e-07
9.918734278357988e-08
6.946515718198043e-08
3.853375729612196e-08
1.8312141358833856e-08
1.3011128396911431e-08
1.1525900678321932e-08
1.3924287056710227e-08
2.3135376059357782e-08
3.497630007842645e-08
5.60820421213748e-08
8.567828047034709e-08
1.7548884123641528e-07
5.143663805995402e-07
1.3667347360524218e-06
3.846195795631502e-06
9.64102548550727e-06
2.8052197649230944e-05
4.7685790832474595e-05
3.788167600760062e-05
1.375672468384437e-05
3.676239032301965e-06
4.902427804154286e-06
9.822345248267084e-06
1.786404618542292e-05
5.974932355456985e-05
0.000804280127340462
0.004903049310087226
0.01288948638830334
0.023385166423395276
0.038504364900290966
0.05066185165196657
0.04564679739996791
0.03005512244999409
0.01748121588025242
0.008635134727228433
0.0036667253589257602
0.0036063561565242708
0.009290881804190576
0.01427225221414119
0.009546884946757928
0.0025482360615569637
0.0003246502205911384
4.596522995825581e-05
7.024568418501077e-06
1.4509592176636945e-06
9.158025449096385e-07
7.404000186284065e-07
4.1283565366256886e-07
1.813041912157587e-07
1.8949036473259184e-07
3.306257418955738e-07
4.538959217370575e-07
4.876268562270525e-07
5.130467286562634e-07
5.674834113733596e-07
4.893823728480129e-07
2.9809615398335154e-07
2.2571821034489403e-07
2.522410582628254e-07
2.3637078427896085e-07
2.3595867304493368e-07
3.685757583582472e-07
5.414952468640877e-07
6.166046091493627e-07
5.895938173239301e-07
4.40726577011219e-07
2.572149568891291e-07
1.6733200602914167e-07
1.216186067409808e-07
9.73673426329924e-08
1.4853426044680873e-07
3.876551843973175e-07
8.568068778913585e-07
1.1179125181115523e-06
9.855972109562572e-07
8.268535935940236e-07
6.136554020486074e-07
3.33446379841007e-07
1.8723389594299533e-07
1.3490496542090114e-07
1.0191559773886638e-07
7.178291561160677e-08
5.97414899772275e-08
6.480037839651231e-08
6.969547605706339e-08
7.271915869466739e-08
7.63662129088516e-08
8.922310712478065e-08
1.1992214510314625e-07
1.5437928269079748e-07
1.5549037257756027e-07
1.3995643399766777e-07
1.96678989539123e-07
3.1373791387068195e-07
3.9406388907536893e-07
4.2491191010185503e-07
4.0354680663767795e-07
3.2644665992620503e-07
2.558011473752231e-07
2.914573542511789e-07
4.0836136605548745e-07
4.468971468440941e-07
4.226485614822195e-07
4.750911628548238e-07
5.951287960215268e-07
6.831189693912165e-07
6.869821334021253e-07
5.716986279935554e-07
4.13325743409132e-07
3.32462789742749e-07
2.748948482178548e-07
2.2868361426731099e-07
2.3582422770118683e-07
2.365644533597333e-07
1.9587168864632076e-07
1.7337217528279325e-07
2.5794980373916587e-07
5.731132688424623e-07
1.074385494348462e-06
1.573381013031394e-06
1.9777590978264925e-06
2.227920276709483e-06
2.2915754129826382e-06
1.9274600902008387e-06
1.1638311505635102e-06
5.893441397120114e-07
3.918497952781763e-07
3.099186010047106e-07
2.2933949495040906e-07
2.143096473616879e-07
2.9839076276516607e-07
4.310146621833155e-07
5.217501524157342e-07
4.632561498851828e-07
3.305416527155103e-07
2.8895809123241634e-07
5.875798905208285e-07
4.627035828264069e-06
1.786482022225755e-05
4.652440566133009e-05
8.876116771716624e-05
0.00010470325651112944
7.438224383804481e-05
4.162802542850841e-05
4.064347558596637e-05
0.00015071148845891003
0.0021762282376585063
0.012453194460249504
0.04844433139078319
0.10953985992819071
0.1516802180558443
0.13898872397840023
0.08522836863994598
0.032732729450799525
0.006829253376054114
0.0006089113712732798
9.9214184047014e-05
9.231000646536815e-06
1.4556935070686452e-06
4.2015692081065486e-07
1.3008552413040775e-07
3.388493796663283e-08
2.7767473209650007e-08
4.770133577025604e-08
5.88358961550739e-08
5.112103096394094e-08
5.841522021654555e-08
2.3287423722706532e-07
4.815550850523208e-06
4.786425064651211e-05
0.0002070289801849867
0.0006212003791006282
0.0011272741976426914
0.0011592061055125669
0.0007093331514624879
0.00029759884182567475
9.496427901467543e-05
3.8230746213230304e-05
0.0001177680796899949
0.002133683895408467
0.012286059441976247
0.035771351773291826
0.07842711079865694
0.18126110546290874
0.32018522173166275
0.3067197371274233
0.1352788298390806
0.027234052075073126
0.009473888989305124
0.003085440683207708
0.0004846303536396591
2.9710327112297825e-05
3.0289848069742224e-06
7.769347689645657e-07
3.389630833794399e-07
2.796411493477535e-07
3.881379981862665e-07
1.0443001414728315e-06
2.202900461156787e-06
3.1840382348491403e-06
3.5736208587877627e-06
3.297910268429405e-06
9.978054322345996e-06
0.00033019353185181893
0.01676668198433617
0.09621506027178837
0.20971894450485706
0.2377077341079712
0.1765517871826887
0.11021091975271702
0.05734124733135105
0.017859469029644973
0.002053067242741236
0.00016083234368124977
6.710703473800095e-05
3.656029775811476e-05
3.122605448879767e-05
5.019446371079539e-05
8.898402484192047e-05
0.00010452424430695828
6.067510514640163e-05
1.4821025956734958e-05
2.8272253302930044e-06
2.6122363578906516e-06
3.3632965369179146e-05
0.0042933863829830434
0.026317239988202342
0.05367832398042083
0.06343556009232998
0.06458868365734816
0.06533200107514858
0.08660491369664669
0.12680869549512863
0.13605701737105846
0.09990351740270853
0.047273534291889525
0.011526601864716214
0.0008675101527160225
8.697979708927052e-06
7.954843361801523e-07
2.330254318394509e-07
2.2755798667617455e-07
2.1277781314665845e-07
2.4875841830862555e-07
6.479382648194587e-07
3.218849805364243e-06
1.4140726335654106e-05
3.3553910498085315e-05
6.841738013463328e-05
0.0001596970678292564
0.0005713173595722765
0.002490629667590838
0.006748892104951665
0.009336867020465434
0.008484997088089585
0.007175726117566228
0.0048236915608868
0.0024124447954818606
0.0015926238265819848
0.00113828998291865
0.000701433455105871
0.00043231390009168535
0.00026690757476899307
0.00011506455916787674
3.1541367434329004e-05
1.3074680737190647e-05
1.274029750675254e-05
1.1173042366863228e-05
8.152626492119452e-06
6.041455435479293e-06
5.147236151969992e-06
5.310618007570156e-06
4.197457826649042e-05
0.0005073477104815538
0.007169925949710886
0.06014052880345843
0.12081013945862651
0.09907974395900966
0.06343246251344681
0.08757500443607569
0.11643724329769611
0.09250074857845902
0.03939925017766655
0.00801598516682134
0.0005397388384835723
9.412789186313832e-06
1.0161767214356134e-06
1.3952438848718884e-07
1.4023612138203134e-07
1.6380686673755918e-07
1.9121099370522643e-07
9.480225209301806e-07
6.6829166911475105e-06
9.943297106929093e-05
0.013141229139819187
0.1492663529497804
0.45707482658326626
0.585481733083725
0.33552267844788736
0.07527994440170006
0.005014939495595173
0.0008878014341462405
0.0004063256837980589
0.0001782665749487933
7.56362951506162e-05
0.00012110833631595597
0.00013023400788370054
0.0001064941388904117
0.00017148502411146183
0.0002190321738453349
0.00010706254045089737
1.2329787921316894e-05
2.970255110312792e-06
2.539449155847251e-06
8.139463062661889e-06
3.0324052090691108e-05
0.0001120720157814503
0.000356945314706536
0.0006133851202321239
0.0009376748639624566
0.0016886933299247175
0.012336800224147735
0.1093577641295269
0.31257118936628103
0.408077709376812
0.26667713886126876
0.07960658284719103
0.0067497163154257595
0.0002118376874022943
2.2789666672906606e-05
1.0767001015210555e-05
3.1645368636645803e-06
6.50431449145117e-07
7.319500117120015e-08
3.708625029297252e-08
1.8700681669869823e-08
1.0436346897790827e-08
3.6643007517156434e-08
2.7464357876816337e-07
2.66425702832862e-06
2.000348307262811e-05
6.193946956045693e-05
9.829721238929778e-05
9.205123478750465e-05
6.202396434673574e-05
3.8800427773821866e-05
2.013940672895842e-05
6.797308344630438e-06
2.417961866285623e-06
1.7492177448730217e-06
1.7648742414166918e-06
1.923742672715889e-06
1.8756317672341538e-06
1.2858925231284957e-06
7.577972809258426e-07
5.493514123600107e-07
3.993607506913577e-07
2.7560059123743486e-07
1.9604641821047153e-07
1.4658949254453546e-07
1.2488057876680614e-07
1.2504472834962144e-07
1.4150755589525943e-07
1.6937958235985207e-07
1.93556633831804e-07
2.297918655358444e-07
3.0353595548149315e-07
3.8887640130269574e-07
4.246811542429896e-07
3.825468652962627e-07
2.968647514478562e-07
2.4285495925369105e-07
2.671914778318296e-07
3.209706349593944e-07
3.45922529731979e-07
4.887243321149981e-07
1.1187254571609628e-06
2.1119067667996205e-06
2.4673164205069043e-06
2.217479163846292e-06
2.5785998616356665e-06
4.406931566336425e-06
9.97464013607896e-06
1.6553187379031442e-05
1.5293704336727387e-05
8.049775090057665e-06
3.3095899709678638e-06
1.6057670677582794e-06
8.832434303940317e-07
9.485199825576274e-07
1.7035075217108897e-06
2.8566850289735157e-06
3.611154340887879e-06
3.1594340725860093e-06
2.1279826682985004e-06
1.7143736101843388e-06
2.1373668346313934e-06
3.399712539930988e-06
4.663347567657183e-06
4.880497272097273e-06
4.659720843847026e-06
4.849084234592738e-06
5.847631996402924e-06
7.527376510552131e-06
9.634921298129484e-06
1.1947065104322974e-05
1.3195731526138843e-05
1.4141315659799147e-05
2.0664859903263277e-05
4.120438416066463e-05
7.762117547827074e-05
0.00010670582014427055
9.876856802293332e-05
6.370849450831884e-05
3.531392303557368e-05
2.9365692626015516e-05
4.1686355871206615e-05
6.327370465442073e-05
8.482890552841127e-05
0.00011833178359665908
0.00013811145254294388
0.00010008418757934125
7.033575639070477e-05
7.65382792451419e-05
6.344142548186937e-05
4.236215499986429e-05
3.232278004361433e-05
2.445933932904154e-05
2.0466419755393872e-05
1.9124022628602688e-05
1.4270937299443176e-05
9.34774493543955e-06
1.750190949678654e-05
8.071441152424086e-05
0.0005054165385445231
0.00179140913678566
0.0026951574254781008
0.001755719327775296
0.00046528742996088124
6.020391515448865e-05
1.1128003109206476e-05
4.013398893221165e-06
1.5248432248426978e-05
0.0001322339716125498
0.0008883367991074919
0.006469922787800896
0.05905226903269067
0.20808449387550354
0.3659990020096302
0.33718484081327915
0.1486809455091134
0.024652013264130804
0.002091639825721359
0.0002092382250680203
8.182456411987006e-06
1.447112319752364e-06
3.140909190513242e-07
3.910404400286894e-08
1.2385935499459323e-08
5.9979866628978584e-09
4.414665299989906e-09
3.306693974192143e-09
2.386397024434217e-09
2.6282905296604042e-09
4.779545592636936e-09
1.0900058522445022e-08
2.8958901943099132e-08
7.983062300098709e-08
2.615373873027238e-07
1.1123181700156692e-06
7.710227237112122e-06
4.388802597077301e-05
0.0001074013061952428
0.00012064616203133482
6.938684509805171e-05
6.772076449124143e-05
0.00022077934681874464
0.000618120415310841
0.0021732021268690005
0.003802025457844138
0.006367026595398784
0.1060839271522127
0.34771373006515205
0.4271318092942238
0.2227865941822529
0.04985206294804812
0.008611978744738737
0.0007783106702845544
0.0007314655158552341
0.0003305609673134314
4.513793152227664e-05
5.302049643773899e-06
1.3056970971092596e-06
9.70833596625198e-07
2.0664806328341e-06
1.194263177239918e-05
9.058174839537968e-05
0.00028011054109811084
0.0004944154061377048
0.0026734542043413963
0.04206392283958848
0.23134565702639517
0.5374363027513027
0.5771584995090961
0.27303024148568517
0.043594959766778636
0.002061758135823766
0.0001346768833627721
2.4090115317676467e-05
3.847153724478859e-06
4.036675207430563e-07
2.6637203021095957e-07
1.269227254852012e-06
5.873972000358663e-06
3.69364586276788e-05
7.612239255649911e-05
7.43115979275899e-05
5.6196373407146893e-05
5.2292283726274036e-05
5.255787709756987e-05
5.1605200496851467e-05
5.277587570162723e-05
4.806359993381193e-05
3.638065527411527e-05
3.5736014069698285e-05
6.992295993768494e-05
0.0001309249373662169
0.0003082248331338633
0.0028106579447921827
0.024580250916187648
0.07838184991851449
0.11906800791621208
0.10190646722912788
0.06255878414958715
0.0356005672365427
0.015697841066867113
0.005802632076665759
0.004936147364787757
0.005196580663323402
0.004571758909150958
0.0028168900025775656
0.0012465728359529749
0.0011170312791364267
0.0016908155666897073
0.0013741054026468191
0.0005103883559058887
0.00011283387175353711
4.683851921072347e-05
2.276812551826879e-05
1.0370244751811699e-05
6.393251737790706e-06
4.674111886515674e-05
0.0004951309688294714
0.0033120726620836645
0.010172665293794125
0.016544228652492166
0.020031719468533993
0.050767365843057626
0.20608583791181442
0.3516540303826332
0.23978231300134215
0.0556199335405836
0.0014727642010257116
0.00013837789265380707
5.371552583710582e-05
2.099487892337493e-05
1.428384325663501e-05
5.2139404942863614e-05
0.00016676728819220443
0.00025099495906033553
0.00017862599452200811
6.203317138897546e-05
1.808369688660605e-05
2.1263876305965823e-05
5.6806748489179875e-05
0.00018523788548918674
0.0006643964698014315
0.0016121494190883823
0.003780830767937004
0.008344334724824876
0.01248727715574205
0.015715899178758264
0.020789171801880002
0.02015839610248804
0.01119610288878903
0.004370426118839532
0.0021646808163495734
0.0010284266172675416
0.0004997220821678638
0.0004751224478241056
0.0004535499101621099
0.00027034680897486396
0.00010865605236176636
3.439584884290525e-05
1.0621197588989164e-05
3.4747615416108606e-06
1.2507553606155852e-06
1.3959282313180664e-05
0.00029759281221686246
0.0024251425920738257
0.009545182576403022
0.02200141584035009
0.029035264626145363
0.02643343573436141
0.027710825204849243
0.0419761068187654
0.06927174516022205
0.0831384202465415
0.05630572186782957
0.018199770551291298
0.002149567506194217
0.00013175127986642113
4.0927232092258245e-06
6.667557030937133e-07
5.772546316507032e-07
1.272526397144702e-06
2.1396301974618837e-06
3.200032608674519e-06
4.455203225006699e-06
2.3613386474607975e-05
0.004736571429702962
0.1269714601476153
0.36694423062726855
0.39252790808677673
0.16972344811074438
0.02307297716106405
0.0012066549802511874
1.807024753475162e-05
8.262396775648996e-07
3.424610497404501e-07
1.6730929175423626e-07
7.568932502977077e-08
3.0059192468456786e-08
3.333418874262861e-08
1.128284292661874e-07
1.4603649560740448e-06
8.730755951091851e-06
2.423519742933422e-05
4.3778010876849294e-05
5.984203289699508e-05
6.108896286605159e-05
8.766109749558382e-05
0.00011449445673861192
6.268476880677555e-05
9.09162304196798e-06
2.577821817340009e-06
2.4599044650130963e-06
2.554285288169922e-06
3.408428881357395e-06
4.38550711123753e-06
3.648150425306085e-06
2.296803245371848e-06
1.7247213577320508e-06
1.6735542089918454e-06
1.7559569300829025e-06
1.9727588664864015e-06
3.9064448742465174e-06
1.4290334718225493e-05
7.58572998620366e-05
0.0009799069739528932
0.01689687817633967
0.1272068629041314
0.3629384692758322
0.46437907963991165
0.27698312047868967
0.07321925181895496
0.010736302836448887
0.0020579253905452792
0.0002571366919141838
3.4117858419335796e-05
1.0258700697818313e-06
8.50095659643557e-07
3.991399729841305e-06
1.115574360710525e-05
5.242021666163054e-05
0.00033281081869063195
0.0006495504094345961
0.0005277078089420684
0.0004375628996058367
0.0005046159185440047
0.0002508852994651534
1.9234403936252423e-05
2.240452630530854e-06
7.552626613005486e-07
5.528768127760486e-07
6.509973360380172e-07
1.0411405213517355e-06
1.4552210529927834e-06
1.4808208277372614e-06
1.238236905010126e-06
9.960749736137586e-07
6.565424968130174e-07
3.2837390051554394e-07
1.7638146232457075e-07
1.8292506354100624e-07
3.978104388124848e-07
6.968160164433357e-07
8.139758733705094e-07
1.0505158769547052e-06
3.6397680389654848e-06
1.2480333140274524e-05
5.452469440569984e-05
0.0003936493844776123
0.0030725104734301563
0.017564171605044976
0.05684799188748002
0.08663121331483126
0.06904441211372614
0.038009191397577524
0.018161951535148546
0.004969308494764847
0.000429951499654635
3.734850434966575e-05
4.507439427925419e-06
5.70414698586319e-06
2.262412334630426e-05
0.00011623770046753633
0.001487687044573249
0.015133409076952374
0.03412043850403279
0.03184082871302962
0.016399607993662357
0.006466749611718115
0.0016555433358007578
0.00013038199233506023
6.681876392633513e-06
8.782341289759189e-07
2.4275495746906017e-07
5.238132239071547e-07
1.326724422767711e-06
1.8844297642317542e-06
1.498688533274617e-06
7.061366744665066e-07
2.5518127344525965e-07
1.5460002700251607e-07
2.3711298169359907e-07
3.4750852861975545e-07
3.3718004033289617e-07
4.458606852608682e-07
9.473341791021994e-07
1.6789989700782826e-06
2.1447154097131715e-06
1.842843772692504e-06
9.940211853631808e-07
3.7975206623741547e-07
1.7768845239629627e-07
1.2209175181965293e-07
9.425282776476251e-08
8.932302009156956e-08
2.639661342840327e-07
2.721923326731712e-06
7.551022775942329e-06
1.005282888399961e-05
1.2492908808781067e-05
2.0415899371073465e-05
2.324501429029624e-05
1.3443455600281597e-05
4.1161397348332684e-06
1.7364293967148114e-06
1.2959104509491226e-06
9.745228197743927e-07
8.380654179518388e-07
8.36445167351485e-07
1.1989650374744087e-06
2.254356601838481e-06
7.758093261145405e-06
3.62494268415503e-05
7.448784890584648e-05
6.905653253852506e-05
2.94953879631521e-05
5.2813086526271044e-06
4.2049003923239075e-07
1.4724778196750776e-07
1.0462993849102986e-07
1.1727836124464375e-07
1.604239532326801e-07
1.7140132513304707e-07
2.2696559298651664e-07
5.82653672864808e-07
9.580898279182293e-07
8.711965193697324e-07
5.939414435829349e-07
4.214960185322525e-07
3.592146740061253e-07
4.4156185907695544e-07
7.086108979592609e-07
1.2409335568008828e-06
1.669538534088133e-06
1.4201215776665777e-06
8.872171832763344e-07
6.676854980014468e-07
6.062027892994593e-07
5.676007077681788e-07
5.910113713980536e-07
5.813534684762089e-07
4.3355090539876073e-07
2.5130801972750305e-07
1.7717581712872743e-07
1.62917793034012e-07
1.3228656570163366e-07
1.2545994820811757e-07
1.6188259266414207e-07
1.6313150652536024e-07
1.2011659933364172e-07
9.245152376990973e-08
9.102913267611257e-08
8.310894195062701e-08
6.182524003861545e-08
5.3151612888768796e-08
5.96565499222379e-08
6.360467352806154e-08
6.040148914365773e-08
6.603287516782075e-08
1.1835886137845364e-07
2.1391684335014816e-07
2.6383549922570637e-07
2.2888257333875117e-07
1.6768669297562155e-07
1.291209983378394e-07
1.1587119885803077e-07
1.0842078879136352e-07
9.608293893847986e-08
7.553078784638956e-08
5.857592100255715e-08
5.531871316577508e-08
6.59695107430025e-08
7.385648181923443e-08
5.849455053663633e-08
4.778807571881316e-08
5.376153211500423e-08
5.518314871721941e-08
5.2802562322540325e-08
5.792189394782099e-08
7.03565836701614e-08
8.839031195861935e-08
1.1618071660279838e-07
1.4404142767432404e-07
1.6859210916209122e-07
2.0259749078377354e-07
2.5424638749882433e-07
3.440269935595097e-07
4.6957667620972643e-07
5.186615581465048e-07
4.998909446385369e-07
5.579977866432273e-07
5.613485569710974e-07
4.4278071698045096e-07
3.878443024518674e-07
3.7389428797496294e-07
3.05139547407407e-07
2.0700484348878945e-07
1.3388646991074893e-07
1.8880620267225368e-07
4.989807500521692e-07
9.486102925393425e-07
1.9159351722919382e-06
1.18474533223889e-05
6.416154030830512e-05
0.00020299468633311335
0.0004272116821084637
0.0006494827757705934
0.0007231892959680408
0.0005711060366593301
0.00032439560891361907
0.000156763574523211
6.874278346913343e-05
2.118982945376047e-05
6.443107793074888e-06
2.9837815986866194e-06
1.6193883425330569e-06
3.6633371678362887e-06
2.4756198627073896e-05
0.0001533827207822469
0.0007603021877002901
0.004119541074032895
0.010594987077638507
0.013769611483439803
0.010635952115990222
0.00571379394386895
0.002101078054693062
0.0004139010488870554
6.435285524730717e-05
1.3227660929260311e-05
1.1834800830001768e-05
1.284833319914469e-05
1.034222236739879e-05
7.947712674649665e-06
6.431730867006991e-06
5.318433181855653e-06
5.765803166468686e-06
7.787467325215403e-06
8.418260449616355e-06
6.386413076597819e-06
4.07920066436418e-06
4.082975294750213e-06
7.883152136400895e-06
1.322767639067024e-05
1.3993407264933921e-05
1.0407452919025673e-05
1.097458539334184e-05
1.9027238522539847e-05
2.3717070689599495e-05
1.7380051076543168e-05
9.826577183957852e-06
7.655563649677788e-06
9.315893635175598e-06
1.2437779787433101e-05
1.2375555797916604e-05
9.515749752608826e-06
7.492661325159133e-06
5.535826971936331e-06
3.1700410545454365e-06
3.251534394621558e-06
8.447342679573921e-06
4.2788492919498815e-05
0.00041815400163613953
0.003224840933398809
0.008782857359619811
0.015202590264379978
0.04628064204007387
0.11607420863583684
0.1711981575936079
0.17204968258738518
0.1264789206907153
0.061317878309637315
0.019180902687367052
0.005091629805974663
0.000681421384570058
2.6463610737437197e-05
3.326805980918835e-06
8.141891072455111e-07
3.721933907741004e-07
2.5692489558082343e-07
1.569844840787482e-07
1.3119650787984938e-07
4.4115538599953647e-07
1.5053530724173925e-06
5.245766089956305e-06
1.8673074521302624e-05
3.88152818686649e-05
4.659442765841959e-05
3.615050763983163e-05
1.9556041706891847e-05
8.15691680600139e-06
4.683807560468267e-06
5.26848839399463e-06
9.09567518192489e-06
2.887828088660171e-05
0.000302456118788541
0.004793203754161367
0.07679427359835243
0.2533426880836487
0.37191983312368393
0.2901300620287657
0.12834148528054357
0.04275353439152241
0.038802158553153276
0.06018503848463297
0.05276392842642963
0.019471865831292238
0.0018746052173810317
0.0001109494954789625
1.4528616247844186e-05
6.4917746840365e-06
7.352036618613056e-06
8.49644936806726e-06
8.825293434711057e-06
7.863048836043163e-06
5.987639610793849e-06
4.915606950817164e-06
6.263957516239316e-06
1.1568697686925589e-05
2.544639050938713e-05
4.070711520398618e-05
4.331166474003112e-05
3.568702686607139e-05
2.6634675577952294e-05
2.457864593452541e-05
3.0220076496334514e-05
3.245428069931222e-05
2.7332420359016396e-05
2.286128210471361e-05
2.120387716786354e-05
1.820157240217668e-05
1.640599839447532e-05
1.5874675455052056e-05
1.5124029232538305e-05
1.6649048347971984e-05
1.9398376025492325e-05
1.9547116608009674e-05
1.461342264974519e-05
8.17239123307445e-06
4.532892774022912e-06
4.040882515710109e-06
5.421679190931172e-06
6.290731334956945e-06
5.543577913158515e-06
3.7978285263307048e-06
2.4310124047133286e-06
2.4146503960764676e-06
5.214994899915837e-06
1.2998663123653387e-05
2.005238206947979e-05
1.701605992820987e-05
8.65485515078035e-06
4.035998756535264e-06
3.2589862257736968e-06
4.191699474631605e-06
5.060820512881037e-06
5.652960339830315e-06
9.331676665169653e-06
1.3548828178500116e-05
1.2486322020777152e-05
1.0807900252984837e-05
1.3648991398440558e-05
2.081774732687336e-05
2.6772530418384122e-05
2.3233322053783922e-05
1.4440803852266983e-05
9.328327223556698e-06
7.859683591959765e-06
7.456069170075352e-06
7.826961109458352e-06
9.009305358631536e-06
1.51905096572591e-05
3.109680415036564e-05
4.274330331099918e-05
3.396474062355992e-05
1.7661950096226064e-05
9.56949668307061e-06
7.179750241448346e-06
7.013155141066818e-06
9.560853982293338e-06
1.322241610068886e-05
1.4993339846114395e-05
1.5453491869266145e-05
2.0261307781765936e-05
2.9324883598746965e-05
3.371997991052922e-05
3.305774589534849e-05
3.1438839414477115e-05
2.818506300172885e-05
2.4082330583041767e-05
2.341499384783674e-05
3.395694147911854e-05
5.8882006214844296e-05
9.03555210243212e-05
0.00010141036545974202
7.75005009927554e-05
4.746718786918791e-05
3.112175591013511e-05
2.303113842572202e-05
1.8445946579959127e-05
1.4262816421251046e-05
1.3278194956001244e-05
1.6434271856269334e-05
1.743073039506271e-05
1.3806112292513717e-05
9.430327054360532e-06
7.333664370889892e-06
7.442439482474583e-06
1.341533084087132e-05
2.5893437168633682e-05
3.1933648187987274e-05
2.3768504206600483e-05
1.1647656037894196e-05
6.751948376404471e-06
8.311647661685129e-06
1.1537805676198332e-05
1.4980108971940354e-05
1.703211910353275e-05
1.8251344954478554e-05
1.8949757304653758e-05
1.5637139085811214e-05
1.156742973762448e-05
1.1937932640648796e-05
1.4406176433112705e-05
1.6270320884359535e-05
1.7361922800773755e-05
1.9404766590014333e-05
3.287708204879891e-05
6.541850098074065e-05
0.00013114420835336205
0.0005100406688143266
0.0019449008250376207
0.004893027391517535
0.007693242165260017
0.007692703744396567
0.005242886545602232
0.0030301192891784012
0.002108767890604213
0.001721676904708147
0.0015917607233859599
0.002040257502812892
0.0025427010550629348
0.0021270236175041646
0.0013028326502535492
0.0014160213468130678
0.002926752291386947
0.006242590199690312
0.01166701689362526
0.016242197947576642
0.015566374640911818
0.010809581610374153
0.00799403409473598
0.008819196722470224
0.00870617723558098
0.005682709743268788
0.002726246922975406
0.0017184881726279855
0.0014703741762787104
0.0008451420944766143
0.0002665502415766241
5.76134302718856e-05
1.533991371616139e-05
1.2025137948512565e-05
1.1611282843659865e-05
8.705104619366466e-06
5.81487165618455e-06
3.321662831012873e-06
1.4571775039939896e-06
8.924758105877117e-07
1.07238842872448e-06
2.3371042345843307e-06
9.206985339460516e-06
2.2643295437774213e-05
2.8837493118771818e-05
2.7732013222703245e-05
4.3504264795046765e-05
6.929513165232493e-05
6.577430622201064e-05
3.552029829734238e-05
1.74872434399731e-05
1.673314363870304e-05
1.8356658074480947e-05
2.0545651750580873e-05
1.8757924408419058e-05
1.0490919578387548e-05
3.7279294531344935e-06
1.5085651057233918e-06
1.069133730879912e-06
2.48880121489492e-06
7.678437043523445e-06
1.2986093224753859e-05
1.4079739230510313e-05
1.538132914902235e-05
1.836553883549641e-05
2.3048432467476232e-05
3.535691666911589e-05
5.137942571309395e-05
5.441654320748057e-05
4.085434056833037e-05
2.42445044023043e-05
1.3756038015344531e-05
1.1965244084422011e-05
1.936098874466552e-05
5.4145868489285924e-05
0.00012360710570646916
0.0001777784236765001
0.00019444568897597492
0.00021358620506362058
0.0003037576061615255
0.00048020808753790334
0.0008153249800670892
0.0014374060701811686
0.0019534498278517276
0.0021063320455141366
0.00206076935864985
0.0
