0.0
0.0
0.0
0.0
0.0
0.0
0.0
0.0
0.0
0.0
0.0
0.0
0.0
0.0
0.0
0.0
0.0
0.0
0.0
0.0
0.0
0.0
0.0
0.0
0.0
0.0
0.0
0.0
0.0
0.0
0.0
0.0
0.0
0.0
0.0
0.0
0.0
0.0
0.0
0.0
0.0
0.0
0.0
0.0
0.0
0.0
0.0
0.0
0.0
0.0
0.0
0.0
0.0
0.0
0.0
0.0
0.0
0.0
0.0
0.0
0.0
0.0
43.35729245403312
43.648263008993254
43.93442391244566
44.49293494369003
44.76557586169103
45.03398961803248
45.03398961803248
45.03398961803248
45.29830529399247
45.29830529399247
45.29830529399247
45.29830529399247
45.29830529399247
45.29830529399247
45.29830529399247
45.03398961803248
45.03398961803248
45.03398961803248
45.03398961803248
45.03398961803248
45.03398961803248
45.29830529399247
45.29830529399247
45.29830529399247
45.29830529399247
45.29830529399247
45.29830529399247
45.29830529399247
45.29830529399247
45.29830529399247
45.29830529399247
45.29830529399247
45.03398961803248
45.03398961803248
45.03398961803248
45.03398961803248
45.03398961803248
45.03398961803248
45.03398961803248
45.29830529399247
45.29830529399247
45.29830529399247
45.29830529399247
45.29830529399247
45.29830529399247
45.29830529399247
45.29830529399247
45.29830529399247
45.29830529399247
45.29830529399247
45.29830529399247
45.29830529399247
45.29830529399247
45.29830529399247
45.29830529399247
45.29830529399247
45.29830529399247
45.29830529399247
45.29830529399247
45.29830529399247
45.29830529399247
45.29830529399247
45.29830529399247
45.29830529399247
45.29830529399247
45.29830529399247
45.29830529399247
45.29830529399247
45.29830529399247
45.29830529399247
45.29830529399247
45.03398961803248
45.03398961803248
45.03398961803248
45.03398961803248
45.03398961803248
45.29830529399247
45.29830529399247
45.29830529399247
45.29830529399247
45.29830529399247
45.29830529399247
45.29830529399247
45.29830529399247
45.29830529399247
45.29830529399247
45.29830529399247
45.29830529399247
45.29830529399247
45.29830529399247
45.29830529399247
45.29830529399247
45.29830529399247
45.29830529399247
45.29830529399247
45.29830529399247
45.29830529399247
45.29830529399247
45.29830529399247
45.29830529399247
45.29830529399247
45.29830529399247
45.29830529399247
45.29830529399247
45.29830529399247
45.29830529399247
45.29830529399247
45.29830529399247
45.29830529399247
45.29830529399247
45.29830529399247
45.29830529399247
45.29830529399247
45.29830529399247
45.29830529399247
45.29830529399247
45.03398961803248
45.03398961803248
45.03398961803248
45.03398961803248
44.76557586169103
44.76557586169103
45.03398961803248
45.03398961803248
45.03398961803248
45.03398961803248
45.29830529399247
45.55864614718429
45.55864614718429
45.55864614718429
45.55864614718429
45.8151299566951
45.8151299566951
45.8151299566951
45.55864614718429
45.55864614718429
45.55864614718429
45.29830529399247
44.76557586169103
44.76557586169103
45.03398961803248
45.55864614718429
26.27875528533859
26.27875528533859
33.29830529399247
33.29830529399247
33.8151299566951
63.14215338788678
0.0
0.0
0.0
0.0
56.76557586169103
35.279016249238424
48.628713000339374
48.41094483981627
48.41094483981627
48.190402488038
48.190402488038
47.96701435002984
47.96701435002984
47.740706023014056
47.740706023014056
47.511400147641595
47.511400147641595
47.511400147641595
47.740706023014056
47.740706023014056
47.740706023014056
47.740706023014056
47.740706023014056
47.740706023014056
47.96701435002984
47.740706023014056
47.740706023014056
47.740706023014056
47.740706023014056
47.511400147641595
47.740706023014056
47.740706023014056
0.0
0.0
0.0
0.0
0.0
0.0
0.0
0.0
0.0
31.648263008993247
45.55864614718429
45.8151299566951
45.8151299566951
45.8151299566951
45.55864614718429
45.55864614718429
45.55864614718429
45.8151299566951
45.8151299566951
45.8151299566951
45.8151299566951
45.8151299566951
45.8151299566951
45.8151299566951
45.8151299566951
45.8151299566951
45.55864614718429
45.55864614718429
45.55864614718429
45.55864614718429
45.55864614718429
45.55864614718429
45.55864614718429
45.55864614718429
45.29830529399247
45.29830529399247
45.29830529399247
45.29830529399247
45.8151299566951
46.06786934302906
46.06786934302906
45.8151299566951
45.8151299566951
45.8151299566951
45.55864614718429
45.55864614718429
45.55864614718429
45.55864614718429
45.29830529399247
45.29830529399247
45.29830529399247
45.03398961803248
45.03398961803248
45.03398961803248
45.03398961803248
45.03398961803248
45.03398961803248
44.76557586169103
44.76557586169103
44.76557586169103
44.76557586169103
44.76557586169103
44.76557586169103
44.76557586169103
44.76557586169103
45.03398961803248
45.03398961803248
45.29830529399247
45.29830529399247
45.55864614718429
45.29830529399247
45.29830529399247
45.29830529399247
45.03398961803248
44.76557586169103
44.215931586333525
43.648263008993254
43.06134780322189
42.45383492638228
42.141892423986945
41.82422588765265
41.82422588765265
41.82422588765265
42.141892423986945
42.141892423986945
42.45383492638228
42.45383492638228
42.45383492638228
42.76025603166793
42.76025603166793
42.76025603166793
42.76025603166793
42.76025603166793
42.76025603166793
42.76025603166793
42.76025603166793
42.45383492638228
42.45383492638228
42.45383492638228
42.45383492638228
42.45383492638228
42.76025603166793
42.76025603166793
42.76025603166793
42.76025603166793
42.76025603166793
42.76025603166793
42.76025603166793
42.76025603166793
42.76025603166793
42.45383492638228
42.141892423986945
40.49185013898772
40.14209399107353
40.49185013898772
40.49185013898772
0.0
0.0
0.0
0.0
0.0
38.66781301764712
39.7851258703449
40.14209399107353
40.14209399107353
40.14209399107353
40.14209399107353
40.14209399107353
40.14209399107353
40.14209399107353
40.14209399107353
40.14209399107353
40.14209399107353
40.14209399107353
40.49185013898772
40.49185013898772
40.49185013898772
40.49185013898772
40.49185013898772
40.49185013898772
40.49185013898772
40.49185013898772
40.49185013898772
40.49185013898772
40.49185013898772
40.49185013898772
40.49185013898772
40.49185013898772
40.49185013898772
40.49185013898772
40.49185013898772
40.834679965348975
40.834679965348975
40.834679965348975
40.834679965348975
40.834679965348975
40.834679965348975
40.49185013898772
40.49185013898772
40.14209399107353
40.49185013898772
40.49185013898772
40.49185013898772
40.49185013898772
0.0
0.0
0.0
0.0
0.0
0.0
0.0
0.0
0.0
0.0
0.0
0.0
0.0
0.0
0.0
0.0
0.0
0.0
0.0
0.0
0.0
0.0
0.0
0.0
0.0
0.0
0.0
0.0
0.0
0.0
0.0
0.0
40.14209399107353
40.14209399107353
52.83467996534898
53.336522073684506
53.336522073684506
53.336522073684506
53.336522073684506
53.00358218788965
52.83467996534898
52.49185013898773
52.49185013898773
52.31785530264635
52.14209399107352
51.964529967936556
51.964529967936556
51.964529967936556
52.14209399107352
52.14209399107352
52.31785530264635
52.49185013898773
52.49185013898773
52.49185013898773
52.49185013898773
52.31785530264635
52.31785530264635
52.31785530264635
52.31785530264635
52.31785530264635
52.31785530264635
52.14209399107352
52.14209399107352
52.14209399107352
52.31785530264635
52.31785530264635
52.49185013898773
52.664113654712565
52.83467996534898
53.17085247938414
53.336522073684506
53.336522073684506
53.336522073684506
53.17085247938414
53.00358218788965
53.00358218788965
53.00358218788965
52.83467996534898
52.83467996534898
52.83467996534898
52.83467996534898
53.00358218788965
53.00358218788965
53.00358218788965
53.00358218788965
53.00358218788965
53.00358218788965
53.00358218788965
53.00358218788965
53.00358218788965
52.83467996534898
52.83467996534898
52.83467996534898
52.83467996534898
52.83467996534898
53.00358218788965
53.00358218788965
53.17085247938414
53.17085247938414
53.336522073684506
53.500621316449426
53.500621316449426
53.500621316449426
53.336522073684506
53.336522073684506
53.336522073684506
53.336522073684506
53.66317969850479
53.66317969850479
0.0
0.0
0.0
0.0
0.0
0.0
0.0
0.0
0.0
0.0
0.0
0.0
0.0
0.0
0.0
0.0
0.0
0.0
0.0
0.0
0.0
0.0
0.0
0.0
0.0
0.0
0.0
0.0
0.0
51.964529967936556
53.336522073684506
53.336522073684506
53.500621316449426
53.500621316449426
53.500621316449426
53.336522073684506
53.336522073684506
53.336522073684506
53.336522073684506
53.17085247938414
53.336522073684506
53.336522073684506
53.336522073684506
53.336522073684506
53.336522073684506
53.336522073684506
53.336522073684506
53.336522073684506
53.17085247938414
53.17085247938414
53.00358218788965
53.00358218788965
52.83467996534898
52.664113654712565
52.664113654712565
52.83467996534898
53.00358218788965
53.00358218788965
0.0
0.0
0.0
0.0
0.0
0.0
0.0
0.0
0.0
0.0
52.664113654712565
52.14209399107352
52.31785530264635
52.31785530264635
52.31785530264635
52.31785530264635
52.31785530264635
52.31785530264635
52.31785530264635
52.31785530264635
52.31785530264635
52.31785530264635
52.31785530264635
52.31785530264635
52.14209399107352
52.14209399107352
52.14209399107352
52.14209399107352
52.14209399107352
52.14209399107352
52.14209399107352
52.14209399107352
51.964529967936556
51.964529967936556
51.235481594987405
51.04831933437518
52.31785530264635
52.31785530264635
0.0
52.14209399107352
51.964529967936556
54.141892423986945
54.298566257892304
54.453834926382285
54.60772341067329
54.60772341067329
54.453834926382285
54.298566257892304
54.141892423986945
53.98378775901415
53.66317969850479
53.66317969850479
53.66317969850479
53.66317969850479
53.66317969850479
53.66317969850479
53.66317969850479
53.500621316449426
53.500621316449426
53.500621316449426
53.336522073684506
53.336522073684506
53.336522073684506
53.336522073684506
53.336522073684506
53.336522073684506
53.336522073684506
53.500621316449426
53.500621316449426
53.336522073684506
53.17085247938414
53.00358218788965
52.664113654712565
52.31785530264635
51.964529967936556
51.42064208182268
50.85911154407539
50.27875528533859
49.8807529181162
49.67826709534344
49.67826709534344
49.67826709534344
49.67826709534344
49.67826709534344
49.67826709534344
49.8807529181162
49.8807529181162
49.8807529181162
49.8807529181162
49.8807529181162
49.67826709534344
49.67826709534344
49.67826709534344
49.67826709534344
49.67826709534344
49.67826709534344
49.67826709534344
49.67826709534344
49.67826709534344
49.67826709534344
49.67826709534344
49.8807529181162
49.8807529181162
49.8807529181162
49.8807529181162
49.8807529181162
49.8807529181162
49.8807529181162
49.8807529181162
49.67826709534344
49.67826709534344
49.67826709534344
49.47338493503615
49.47338493503615
49.47338493503615
49.47338493503615
49.47338493503615
49.47338493503615
49.67826709534344
49.67826709534344
49.67826709534344
49.67826709534344
49.67826709534344
49.67826709534344
49.67826709534344
49.67826709534344
49.67826709534344
49.67826709534344
49.67826709534344
49.67826709534344
49.67826709534344
49.67826709534344
49.67826709534344
49.67826709534344
49.67826709534344
49.67826709534344
49.67826709534344
49.67826709534344
49.67826709534344
49.67826709534344
49.67826709534344
49.67826709534344
49.67826709534344
49.67826709534344
49.67826709534344
49.67826709534344
49.67826709534344
49.67826709534344
49.67826709534344
49.67826709534344
49.67826709534344
49.67826709534344
49.67826709534344
49.67826709534344
49.67826709534344
49.8807529181162
49.8807529181162
49.67826709534344
49.67826709534344
49.67826709534344
49.47338493503615
49.47338493503615
49.47338493503615
49.47338493503615
49.47338493503615
49.47338493503615
49.47338493503615
49.67826709534344
49.67826709534344
49.67826709534344
49.8807529181162
50.08089781187577
51.04831933437518
51.04831933437518
50.85911154407539
0.0
0.0
0.0
0.0
0.0
0.0
41.50062131644942
53.500621316449426
53.500621316449426
53.66317969850479
53.500621316449426
53.500621316449426
53.500621316449426
53.336522073684506
53.17085247938414
53.17085247938414
53.00358218788965
52.83467996534898
52.664113654712565
52.664113654712565
52.664113654712565
52.664113654712565
52.664113654712565
52.83467996534898
53.00358218788965
53.17085247938414
53.500621316449426
53.66317969850479
53.824225887652645
53.824225887652645
53.66317969850479
53.336522073684506
53.00358218788965
52.664113654712565
52.49185013898773
53.824225887652645
53.500621316449426
53.500621316449426
53.98378775901415
63.964529967936556
63.964529967936556
63.964529967936556
64.05353962668636
64.05353962668636
64.83467996534898
0.0
64.83467996534898
0.0
0.0
64.66411365471257
34.80467587899877
35.279016249238424
47.740706023014056
47.96701435002984
47.96701435002984
47.96701435002984
47.96701435002984
47.96701435002984
47.96701435002984
47.96701435002984
47.740706023014056
47.740706023014056
47.740706023014056
47.740706023014056
47.740706023014056
47.740706023014056
47.740706023014056
47.740706023014056
47.740706023014056
47.740706023014056
47.511400147641595
47.511400147641595
47.511400147641595
47.511400147641595
47.511400147641595
47.511400147641595
47.740706023014056
47.740706023014056
47.740706023014056
47.740706023014056
47.740706023014056
47.740706023014056
47.740706023014056
47.740706023014056
47.740706023014056
47.740706023014056
47.740706023014056
47.511400147641595
47.511400147641595
47.511400147641595
47.511400147641595
47.511400147641595
47.511400147641595
47.511400147641595
47.511400147641595
47.511400147641595
47.740706023014056
47.740706023014056
47.511400147641595
47.511400147641595
47.511400147641595
47.511400147641595
47.511400147641595
47.511400147641595
47.511400147641595
47.511400147641595
47.279016249238424
47.279016249238424
47.511400147641595
47.511400147641595
47.511400147641595
47.511400147641595
47.740706023014056
47.740706023014056
47.740706023014056
47.740706023014056
47.96701435002984
47.96701435002984
47.96701435002984
47.740706023014056
47.740706023014056
47.511400147641595
48.190402488038
0.0
0.0
0.0
0.0
0.0
0.0
0.0
0.0
0.0
0.0
0.0
0.0
0.0
0.0
0.0
0.0
0.0
0.0
0.0
0.0
0.0
0.0
0.0
0.0
0.0
0.0
0.0
0.0
0.0
0.0
0.0
0.0
0.0
0.0
0.0
0.0
0.0
52.14209399107352
52.31785530264635
52.49185013898773
52.664113654712565
52.83467996534898
52.83467996534898
52.83467996534898
52.83467996534898
52.83467996534898
52.664113654712565
52.664113654712565
52.664113654712565
52.83467996534898
52.83467996534898
53.00358218788965
53.00358218788965
53.00358218788965
52.83467996534898
52.83467996534898
52.664113654712565
52.664113654712565
52.49185013898773
52.31785530264635
52.14209399107352
51.60384316166241
51.04831933437518
51.964529967936556
51.964529967936556
52.31785530264635
0.0
0.0
0.0
0.0
0.0
0.0
52.49185013898773
0.0
0.0
0.0
0.0
43.93442391244566
44.76557586169103
45.29830529399247
45.29830529399247
45.29830529399247
45.29830529399247
45.55864614718429
45.55864614718429
45.55864614718429
45.55864614718429
45.55864614718429
45.55864614718429
45.55864614718429
45.55864614718429
45.55864614718429
45.8151299566951
45.8151299566951
45.8151299566951
45.8151299566951
46.06786934302906
46.06786934302906
45.8151299566951
45.8151299566951
45.8151299566951
45.8151299566951
45.8151299566951
45.8151299566951
45.55864614718429
45.55864614718429
45.8151299566951
45.8151299566951
45.8151299566951
45.8151299566951
45.8151299566951
45.8151299566951
45.8151299566951
45.8151299566951
45.8151299566951
45.8151299566951
45.55864614718429
45.55864614718429
45.55864614718429
45.55864614718429
45.55864614718429
45.55864614718429
45.8151299566951
45.8151299566951
45.8151299566951
45.8151299566951
45.8151299566951
45.8151299566951
45.8151299566951
45.8151299566951
45.8151299566951
45.8151299566951
45.8151299566951
45.8151299566951
45.8151299566951
45.8151299566951
45.8151299566951
45.8151299566951
45.8151299566951
45.8151299566951
45.8151299566951
45.8151299566951
45.8151299566951
45.8151299566951
45.8151299566951
45.8151299566951
45.8151299566951
45.8151299566951
45.8151299566951
45.8151299566951
45.8151299566951
45.8151299566951
45.8151299566951
45.8151299566951
45.8151299566951
45.8151299566951
45.8151299566951
45.8151299566951
45.8151299566951
45.8151299566951
45.8151299566951
45.8151299566951
45.8151299566951
45.8151299566951
45.8151299566951
45.8151299566951
45.8151299566951
45.8151299566951
45.8151299566951
45.8151299566951
45.8151299566951
45.8151299566951
45.8151299566951
45.8151299566951
45.8151299566951
45.8151299566951
45.8151299566951
45.8151299566951
45.8151299566951
45.8151299566951
46.06786934302906
46.06786934302906
45.8151299566951
45.8151299566951
45.8151299566951
45.8151299566951
45.55864614718429
45.55864614718429
45.55864614718429
45.55864614718429
45.55864614718429
45.55864614718429
45.55864614718429
45.55864614718429
45.55864614718429
45.8151299566951
45.8151299566951
45.8151299566951
45.8151299566951
45.55864614718429
45.55864614718429
45.55864614718429
45.29830529399247
45.29830529399247
45.55864614718429
45.29830529399247
45.29830529399247
45.29830529399247
45.29830529399247
45.29830529399247
45.29830529399247
45.29830529399247
45.29830529399247
45.29830529399247
45.03398961803248
45.03398961803248
45.03398961803248
45.03398961803248
45.03398961803248
45.03398961803248
45.03398961803248
45.03398961803248
45.03398961803248
45.03398961803248
45.03398961803248
45.03398961803248
45.03398961803248
45.03398961803248
45.03398961803248
45.03398961803248
45.03398961803248
44.76557586169103
44.76557586169103
44.76557586169103
44.76557586169103
44.76557586169103
44.76557586169103
44.76557586169103
44.76557586169103
44.76557586169103
45.03398961803248
45.03398961803248
45.03398961803248
45.03398961803248
45.03398961803248
45.03398961803248
45.03398961803248
45.03398961803248
45.03398961803248
45.03398961803248
45.03398961803248
45.03398961803248
45.03398961803248
45.03398961803248
45.03398961803248
45.03398961803248
45.03398961803248
45.03398961803248
45.03398961803248
45.03398961803248
45.03398961803248
45.03398961803248
45.03398961803248
45.03398961803248
45.03398961803248
44.76557586169103
44.76557586169103
44.76557586169103
44.76557586169103
44.76557586169103
44.49293494369003
44.76557586169103
44.76557586169103
44.76557586169103
44.76557586169103
45.03398961803248
45.29830529399247
0.0
0.0
0.0
0.0
0.0
0.0
0.0
0.0
0.0
0.0
0.0
0.0
0.0
0.0
0.0
0.0
0.0
0.0
0.0
0.0
0.0
0.0
0.0
0.0
0.0
0.0
0.0
0.0
0.0
0.0
0.0
0.0
0.0
0.0
0.0
0.0
0.0
0.0
0.0
0.0
0.0
0.0
0.0
0.0
0.0
0.0
0.0
0.0
0.0
0.0
0.0
0.0
0.0
0.0
0.0
0.0
0.0
0.0
0.0
0.0
0.0
0.0
0.0
0.0
0.0
0.0
0.0
0.0
0.0
0.0
0.0
0.0
0.0
0.0
0.0
0.0
0.0
0.0
0.0
49.8807529181162
49.8807529181162
50.08089781187577
50.27875528533859
50.474377033287794
50.66781301764712
50.66781301764712
50.85911154407539
50.85911154407539
50.85911154407539
50.85911154407539
50.66781301764712
50.66781301764712
50.66781301764712
50.66781301764712
50.66781301764712
50.474377033287794
50.474377033287794
50.474377033287794
50.27875528533859
50.27875528533859
50.27875528533859
50.27875528533859
50.27875528533859
50.27875528533859
50.27875528533859
50.27875528533859
50.27875528533859
50.27875528533859
50.27875528533859
50.27875528533859
50.27875528533859
50.08089781187577
50.08089781187577
50.08089781187577
50.08089781187577
50.08089781187577
50.08089781187577
50.08089781187577
49.8807529181162
49.8807529181162
50.08089781187577
50.08089781187577
50.08089781187577
50.08089781187577
50.08089781187577
50.08089781187577
50.08089781187577
50.08089781187577
49.8807529181162
49.8807529181162
49.8807529181162
49.8807529181162
49.8807529181162
49.8807529181162
49.8807529181162
49.8807529181162
49.8807529181162
49.8807529181162
50.08089781187577
50.08089781187577
50.08089781187577
50.08089781187577
50.08089781187577
50.08089781187577
50.08089781187577
49.8807529181162
49.8807529181162
49.8807529181162
49.8807529181162
49.8807529181162
49.8807529181162
49.8807529181162
49.8807529181162
49.8807529181162
49.8807529181162
50.08089781187577
50.08089781187577
50.08089781187577
49.8807529181162
49.8807529181162
49.8807529181162
49.8807529181162
49.8807529181162
49.8807529181162
49.8807529181162
49.8807529181162
49.8807529181162
49.8807529181162
49.8807529181162
49.8807529181162
49.8807529181162
49.8807529181162
49.8807529181162
49.8807529181162
49.8807529181162
49.8807529181162
49.8807529181162
49.8807529181162
49.8807529181162
49.8807529181162
49.8807529181162
49.8807529181162
49.8807529181162
49.8807529181162
49.8807529181162
49.8807529181162
50.08089781187577
50.08089781187577
50.27875528533859
50.27875528533859
50.27875528533859
50.474377033287794
50.08089781187577
0.0
0.0
0.0
0.0
0.0
0.0
0.0
0.0
0.0
0.0
0.0
0.0
0.0
0.0
0.0
0.0
0.0
0.0
0.0
0.0
0.0
0.0
0.0
0.0
0.0
0.0
0.0
0.0
0.0
0.0
0.0
0.0
0.0
0.0
0.0
0.0
0.0
0.0
0.0
0.0
0.0
54.298566257892304
54.298566257892304
54.453834926382285
54.60772341067329
54.60772341067329
54.76025603166792
54.76025603166792
54.76025603166792
54.60772341067329
54.453834926382285
54.453834926382285
54.453834926382285
54.453834926382285
54.453834926382285
54.60772341067329
54.60772341067329
54.76025603166792
54.76025603166792
54.76025603166792
54.453834926382285
54.141892423986945
54.298566257892304
54.60772341067329
54.76025603166792
54.60772341067329
53.824225887652645
53.98378775901415
53.98378775901415
53.98378775901415
53.98378775901415
53.824225887652645
53.824225887652645
53.824225887652645
53.98378775901415
53.98378775901415
54.141892423986945
54.141892423986945
54.141892423986945
53.98378775901415
53.98378775901415
53.98378775901415
53.336522073684506
53.500621316449426
53.98378775901415
53.98378775901415
54.141892423986945
54.453834926382285
54.911456473023534
55.35729245403313
56.07574992576191
56.215931586333525
56.35498727763607
56.35498727763607
56.35498727763607
56.49293494369003
56.35498727763607
56.35498727763607
56.35498727763607
56.35498727763607
56.35498727763607
56.35498727763607
56.49293494369003
56.49293494369003
56.49293494369003
56.35498727763607
56.215931586333525
55.934423912445666
55.79193470898616
55.503389021386354
55.20995249669188
55.06134780322189
54.911456473023534
55.06134780322189
55.06134780322189
54.911456473023534
54.76025603166792
54.60772341067329
54.453834926382285
54.298566257892304
54.453834926382285
54.453834926382285
54.453834926382285
54.298566257892304
54.453834926382285
54.60772341067329
54.76025603166792
54.911456473023534
55.06134780322189
55.06134780322189
55.503389021386354
55.79193470898616
55.648263008993254
55.648263008993254
55.934423912445666
56.07574992576191
56.35498727763607
56.49293494369003
56.35498727763607
56.35498727763607
56.49293494369003
56.49293494369003
56.49293494369003
56.35498727763607
56.35498727763607
56.35498727763607
56.35498727763607
56.215931586333525
56.215931586333525
56.215931586333525
56.215931586333525
56.215931586333525
56.07574992576191
55.934423912445666
56.49293494369003
56.76557586169103
57.03398961803248
0.0
0.0
0.0
0.0
56.62979210295701
57.166651880140435
57.42896508770531
57.42896508770531
57.42896508770531
57.42896508770531
57.42896508770531
57.42896508770531
57.29830529399247
57.29830529399247
57.166651880140435
57.03398961803248
56.90030292677008
56.90030292677008
56.90030292677008
57.03398961803248
57.03398961803248
56.76557586169103
56.76557586169103
56.76557586169103
56.90030292677008
56.90030292677008
56.90030292677008
55.503389021386354
27.04831933437518
27.04831933437518
44.49293494369003
44.49293494369003
56.62979210295701
56.90030292677008
56.90030292677008
56.76557586169103
56.76557586169103
0.0
37.47338493503615
0.0
47.279016249238424
47.511400147641595
47.740706023014056
47.511400147641595
47.511400147641595
47.511400147641595
47.511400147641595
47.511400147641595
47.511400147641595
47.740706023014056
47.740706023014056
47.740706023014056
47.740706023014056
47.740706023014056
47.740706023014056
47.740706023014056
47.740706023014056
47.740706023014056
47.740706023014056
47.740706023014056
47.740706023014056
47.740706023014056
47.740706023014056
47.740706023014056
47.740706023014056
47.740706023014056
47.740706023014056
47.740706023014056
47.511400147641595
47.511400147641595
47.511400147641595
47.511400147641595
47.511400147641595
47.511400147641595
47.511400147641595
47.279016249238424
47.279016249238424
47.279016249238424
47.279016249238424
47.279016249238424
47.279016249238424
47.279016249238424
47.511400147641595
47.511400147641595
47.511400147641595
47.740706023014056
47.740706023014056
47.740706023014056
47.740706023014056
47.511400147641595
47.511400147641595
47.511400147641595
47.511400147641595
47.511400147641595
47.511400147641595
47.511400147641595
47.511400147641595
47.511400147641595
47.511400147641595
47.740706023014056
47.740706023014056
47.740706023014056
47.740706023014056
47.740706023014056
47.740706023014056
47.740706023014056
47.740706023014056
47.740706023014056
47.740706023014056
47.511400147641595
47.511400147641595
47.511400147641595
47.511400147641595
47.279016249238424
47.279016249238424
47.279016249238424
47.279016249238424
47.511400147641595
47.511400147641595
47.96701435002984
47.96701435002984
47.96701435002984
47.96701435002984
47.96701435002984
47.96701435002984
47.96701435002984
47.96701435002984
47.740706023014056
47.511400147641595
47.511400147641595
47.279016249238424
47.511400147641595
47.740706023014056
47.740706023014056
48.190402488038
48.41094483981627
0.0
0.0
0.0
0.0
0.0
0.0
0.0
0.0
0.0
0.0
0.0
0.0
0.0
0.0
0.0
0.0
0.0
0.0
0.0
55.503389021386354
55.503389021386354
50.85911154407539
62.95397392109953
39.7851258703449
40.14209399107353
0.0
62.27875528533859
0.0
0.0
0.0
0.0
0.0
0.0
0.0
0.0
0.0
0.0
0.0
0.0
0.0
0.0
0.0
0.0
0.0
0.0
0.0
40.14209399107353
52.14209399107352
52.31785530264635
52.664113654712565
52.664113654712565
52.83467996534898
52.83467996534898
52.664113654712565
52.664113654712565
52.664113654712565
52.664113654712565
52.83467996534898
53.00358218788965
53.00358218788965
53.17085247938414
53.17085247938414
53.00358218788965
52.83467996534898
52.664113654712565
52.49185013898773
52.664113654712565
53.00358218788965
53.17085247938414
53.00358218788965
53.00358218788965
53.00358218788965
0.0
0.0
63.328309380342674
52.83467996534898
51.42064208182268
51.60384316166241
51.7851258703449
51.964529967936556
51.964529967936556
51.964529967936556
51.7851258703449
51.7851258703449
51.7851258703449
51.964529967936556
51.964529967936556
52.14209399107352
52.14209399107352
52.14209399107352
52.14209399107352
52.14209399107352
52.14209399107352
52.31785530264635
52.31785530264635
52.49185013898773
52.83467996534898
53.336522073684506
53.824225887652645
54.141892423986945
54.298566257892304
54.453834926382285
54.453834926382285
54.453834926382285
54.453834926382285
54.453834926382285
54.60772341067329
54.76025603166792
54.911456473023534
55.06134780322189
55.06134780322189
55.06134780322189
54.911456473023534
54.76025603166792
54.60772341067329
54.298566257892304
54.141892423986945
54.453834926382285
54.76025603166792
54.76025603166792
54.911456473023534
41.82422588765265
53.66317969850479
53.500621316449426
53.500621316449426
53.500621316449426
53.336522073684506
53.17085247938414
53.00358218788965
53.00358218788965
52.83467996534898
53.00358218788965
53.00358218788965
53.17085247938414
53.17085247938414
53.17085247938414
53.17085247938414
53.17085247938414
53.17085247938414
53.17085247938414
53.17085247938414
53.17085247938414
53.336522073684506
53.66317969850479
53.824225887652645
54.141892423986945
54.60772341067329
54.76025603166792
54.911456473023534
55.06134780322189
55.06134780322189
55.06134780322189
54.911456473023534
54.911456473023534
54.911456473023534
54.911456473023534
54.911456473023534
54.911456473023534
54.911456473023534
54.911456473023534
55.06134780322189
55.06134780322189
55.35729245403313
55.503389021386354
55.35729245403313
55.503389021386354
55.503389021386354
55.648263008993254
55.79193470898616
56.215931586333525
56.35498727763607
56.49293494369003
56.49293494369003
56.49293494369003
56.49293494369003
56.49293494369003
56.49293494369003
56.49293494369003
56.49293494369003
56.49293494369003
56.49293494369003
56.49293494369003
56.35498727763607
56.215931586333525
56.07574992576191
55.934423912445666
55.79193470898616
55.934423912445666
56.35498727763607
56.49293494369003
44.49293494369003
44.49293494369003
28.491850138987722
55.503389021386354
43.648263008993254
43.06134780322189
34.316972065030626
57.03398961803248
53.17085247938414
30.453834926382278
33.8151299566951
47.04347056825124
47.511400147641595
47.511400147641595
47.511400147641595
47.279016249238424
47.279016249238424
47.279016249238424
47.279016249238424
47.279016249238424
47.279016249238424
47.279016249238424
47.511400147641595
47.511400147641595
47.511400147641595
47.511400147641595
47.511400147641595
47.511400147641595
47.511400147641595
47.511400147641595
47.511400147641595
47.511400147641595
47.740706023014056
47.740706023014056
47.740706023014056
47.511400147641595
47.279016249238424
47.740706023014056
0.0
0.0
0.0
0.0
0.0
0.0
0.0
0.0
0.0
0.0
27.04831933437518
47.279016249238424
47.279016249238424
47.279016249238424
47.279016249238424
47.04347056825124
47.04347056825124
47.04347056825124
47.04347056825124
46.80467587899878
46.80467587899878
46.80467587899878
46.80467587899878
46.80467587899878
46.80467587899878
46.80467587899878
46.80467587899878
46.80467587899878
46.56254129574721
46.56254129574721
46.56254129574721
46.56254129574721
46.56254129574721
46.56254129574721
46.56254129574721
46.80467587899878
46.80467587899878
46.80467587899878
46.56254129574721
46.56254129574721
46.80467587899878
46.80467587899878
0.0
0.0
0.0
0.0
0.0
0.0
0.0
0.0
0.0
0.0
0.0
0.0
46.06786934302906
46.06786934302906
46.06786934302906
46.06786934302906
45.8151299566951
45.8151299566951
46.06786934302906
46.06786934302906
46.06786934302906
46.06786934302906
46.06786934302906
45.8151299566951
46.06786934302906
46.06786934302906
46.06786934302906
45.8151299566951
45.8151299566951
45.8151299566951
45.8151299566951
45.8151299566951
45.8151299566951
45.8151299566951
45.8151299566951
45.8151299566951
45.8151299566951
45.8151299566951
45.8151299566951
45.8151299566951
45.8151299566951
45.8151299566951
45.8151299566951
45.8151299566951
45.8151299566951
45.8151299566951
45.8151299566951
45.8151299566951
45.8151299566951
45.8151299566951
45.8151299566951
45.8151299566951
45.8151299566951
45.8151299566951
45.8151299566951
45.8151299566951
45.8151299566951
45.8151299566951
45.8151299566951
45.8151299566951
45.8151299566951
45.8151299566951
45.8151299566951
45.8151299566951
45.8151299566951
45.8151299566951
45.8151299566951
46.06786934302906
46.06786934302906
45.8151299566951
45.8151299566951
45.8151299566951
45.8151299566951
45.8151299566951
46.06786934302906
46.06786934302906
46.06786934302906
46.06786934302906
46.06786934302906
46.06786934302906
46.06786934302906
46.06786934302906
46.06786934302906
46.06786934302906
45.8151299566951
46.06786934302906
46.06786934302906
46.06786934302906
46.06786934302906
45.8151299566951
45.8151299566951
45.8151299566951
45.8151299566951
45.8151299566951
45.8151299566951
45.8151299566951
45.8151299566951
45.8151299566951
45.8151299566951
45.8151299566951
45.8151299566951
45.8151299566951
45.8151299566951
45.8151299566951
45.8151299566951
45.8151299566951
45.8151299566951
45.8151299566951
46.06786934302906
46.06786934302906
46.06786934302906
46.06786934302906
46.06786934302906
46.06786934302906
45.8151299566951
45.8151299566951
45.8151299566951
45.8151299566951
45.8151299566951
45.8151299566951
45.8151299566951
45.8151299566951
45.8151299566951
45.8151299566951
45.8151299566951
45.8151299566951
45.8151299566951
45.8151299566951
45.8151299566951
45.8151299566951
45.8151299566951
45.8151299566951
45.8151299566951
45.8151299566951
45.8151299566951
45.8151299566951
45.8151299566951
45.8151299566951
45.8151299566951
45.8151299566951
45.8151299566951
45.8151299566951
45.8151299566951
45.8151299566951
45.8151299566951
45.8151299566951
45.8151299566951
45.55864614718429
45.55864614718429
45.55864614718429
45.29830529399247
45.03398961803248
45.29830529399247
45.29830529399247
45.29830529399247
45.29830529399247
45.29830529399247
45.29830529399247
45.29830529399247
45.29830529399247
45.29830529399247
45.29830529399247
45.29830529399247
45.29830529399247
45.29830529399247
45.03398961803248
45.03398961803248
45.03398961803248
45.29830529399247
45.29830529399247
45.29830529399247
45.29830529399247
45.03398961803248
45.03398961803248
45.03398961803248
45.03398961803248
45.03398961803248
45.03398961803248
45.03398961803248
45.03398961803248
45.03398961803248
45.03398961803248
45.03398961803248
44.76557586169103
44.76557586169103
44.76557586169103
44.76557586169103
44.76557586169103
44.76557586169103
44.76557586169103
45.03398961803248
44.76557586169103
44.76557586169103
45.03398961803248
45.03398961803248
45.03398961803248
45.03398961803248
44.76557586169103
44.76557586169103
44.76557586169103
45.03398961803248
45.03398961803248
45.03398961803248
45.03398961803248
45.29830529399247
45.29830529399247
45.03398961803248
44.76557586169103
44.49293494369003
43.93442391244566
43.35729245403312
0.0
0.0
0.0
0.0
0.0
0.0
0.0
0.0
0.0
0.0
0.0
0.0
0.0
0.0
0.0
0.0
0.0
0.0
0.0
0.0
0.0
0.0
0.0
0.0
0.0
0.0
0.0
0.0
0.0
0.0
0.0
0.0
0.0
43.06134780322189
43.648263008993254
44.215931586333525
44.49293494369003
44.76557586169103
44.76557586169103
45.03398961803248
45.03398961803248
45.03398961803248
45.03398961803248
45.03398961803248
45.03398961803248
45.03398961803248
45.03398961803248
45.03398961803248
45.03398961803248
45.03398961803248
45.03398961803248
45.03398961803248
44.76557586169103
44.76557586169103
44.76557586169103
44.76557586169103
44.76557586169103
44.76557586169103
44.76557586169103
44.76557586169103
44.76557586169103
45.03398961803248
45.03398961803248
45.03398961803248
45.03398961803248
45.29830529399247
45.29830529399247
45.29830529399247
45.29830529399247
45.29830529399247
45.29830529399247
45.29830529399247
45.03398961803248
45.03398961803248
45.03398961803248
45.03398961803248
45.03398961803248
45.03398961803248
45.03398961803248
45.03398961803248
45.03398961803248
45.03398961803248
44.76557586169103
44.76557586169103
45.03398961803248
45.03398961803248
45.03398961803248
45.03398961803248
45.03398961803248
45.03398961803248
45.03398961803248
45.03398961803248
45.03398961803248
45.03398961803248
45.03398961803248
45.03398961803248
45.03398961803248
45.03398961803248
45.03398961803248
44.76557586169103
44.76557586169103
44.76557586169103
44.76557586169103
44.76557586169103
44.76557586169103
44.76557586169103
44.76557586169103
44.76557586169103
44.76557586169103
44.76557586169103
44.76557586169103
44.76557586169103
44.76557586169103
44.76557586169103
44.76557586169103
45.03398961803248
45.03398961803248
45.03398961803248
45.03398961803248
45.03398961803248
44.76557586169103
44.76557586169103
44.76557586169103
44.76557586169103
44.76557586169103
44.76557586169103
44.76557586169103
44.76557586169103
44.76557586169103
44.76557586169103
44.76557586169103
44.76557586169103
44.76557586169103
44.76557586169103
44.76557586169103
44.76557586169103
45.03398961803248
45.03398961803248
45.03398961803248
45.03398961803248
45.03398961803248
45.03398961803248
45.03398961803248
45.03398961803248
45.03398961803248
44.76557586169103
44.76557586169103
44.76557586169103
44.76557586169103
44.76557586169103
44.76557586169103
44.76557586169103
44.76557586169103
44.76557586169103
44.76557586169103
45.03398961803248
45.03398961803248
45.03398961803248
45.03398961803248
45.03398961803248
45.03398961803248
45.03398961803248
45.03398961803248
45.03398961803248
44.76557586169103
44.76557586169103
44.76557586169103
44.76557586169103
44.49293494369003
44.49293494369003
44.49293494369003
44.215931586333525
43.93442391244566
43.648263008993254
43.35729245403312
43.06134780322189
42.76025603166793
42.76025603166793
42.45383492638228
42.45383492638228
42.45383492638228
42.45383492638228
42.45383492638228
42.45383492638228
42.76025603166793
42.76025603166793
42.76025603166793
42.76025603166793
43.06134780322189
43.06134780322189
43.06134780322189
43.06134780322189
43.06134780322189
43.06134780322189
43.06134780322189
43.06134780322189
43.06134780322189
43.06134780322189
43.06134780322189
42.76025603166793
42.76025603166793
42.76025603166793
42.76025603166793
42.76025603166793
42.76025603166793
42.76025603166793
43.06134780322189
43.06134780322189
43.06134780322189
43.06134780322189
43.06134780322189
43.06134780322189
43.06134780322189
43.06134780322189
43.06134780322189
43.06134780322189
42.76025603166793
42.76025603166793
42.76025603166793
42.76025603166793
42.76025603166793
42.76025603166793
42.76025603166793
42.76025603166793
42.76025603166793
42.76025603166793
42.76025603166793
43.06134780322189
43.06134780322189
43.06134780322189
43.06134780322189
43.35729245403312
43.35729245403312
43.35729245403312
43.35729245403312
43.35729245403312
43.35729245403312
43.06134780322189
43.06134780322189
43.06134780322189
43.06134780322189
43.06134780322189
43.06134780322189
43.06134780322189
43.06134780322189
43.35729245403312
0.0
0.0
0.0
0.0
