1.0
1.0477942637976412e-06
1.1661202051982398e-05
3.194247275928319e-05
7.540137266914826e-05
0.0016730245679354991
0.022457240906078365
0.24135234090499577
0.521997595205903
0.4096780307590962
0.11781253817025575
0.012298210407607259
0.0039011902408674364
0.00157168616715353
0.0005462342560349498
0.0002564215028542094
0.00011386111509636976
0.00012353009151411243
0.00011132605868624523
5.426303005151568e-05
1.9942022390750935e-05
1.1884454124810873e-05
9.561190381646156e-06
8.414705348513962e-06
8.091631343631889e-06
1.0674435429791629e-05
1.6258192772511393e-05
2.243038579763379e-05
2.690069459276856e-05
2.8919015221617883e-05
3.300634489278309e-05
4.322724726080196e-05
5.750630316470051e-05
7.771496257191757e-05
0.00011507757699291687
0.00017184818352689035
0.0003178553160978481
0.0006652797055721749
0.0012621651258086786
0.0018095857230946422
0.0018228313711006194
0.0014380878128577024
0.0012017662811558694
0.001453782111639157
0.0022771142539568245
0.004903847933746874
0.027171299268957224
0.07429096451960504
0.10874778404831886
0.09782129805535078
0.05173022008966655
0.013060035485978007
0.0010816429503393012
8.390848825001741e-05
2.653943192854058e-05
1.843074096541386e-05
1.603119335413794e-05
2.2449656626122305e-05
3.4009904538834235e-05
3.7633682950399816e-05
3.241352214899962e-05
2.8482552352215862e-05
2.809464331221534e-05
2.9181749141571345e-05
3.446762229941669e-05
5.074044292996405e-05
7.814401487848954e-05
0.000129348098198534
0.0007378766767942578
0.010041232675575882
0.03224086947739124
0.041431623976677656
0.023544182273326445
0.005486241076141597
0.0005949187707301463
0.00010838292473636103
0.00010074057900055777
0.0005548357821680838
0.0018186672532465309
0.0031041536713019013
0.0042959333513863385
0.010807047598063946
0.01973314501810819
0.016804580227471888
0.005976333857688588
0.0007729731441941113
0.0002644723172124941
0.00020236238560755737
0.00018882174845202826
0.0002871790165954735
0.0005672013576258905
0.001231758389621973
0.0030294795287773013
0.0049845195026136935
0.006441725534386933
0.014160637394525109
0.03476340998895466
0.04177802323829383
0.019219088571844626
0.001958752196514979
0.0003113585089522531
5.444724047265482e-05
0.0001335085589744267
0.0005513796386367176
0.0012657408078666776
0.0016162887623067945
0.0011891024187207222
0.0005018003175791819
0.00013916379248257726
6.866846888442524e-05
7.329561049118638e-05
0.00010095773541252129
0.00015950862871250138
0.00020730618052766658
0.00018273505338584073
0.00010366979495302077
4.29359629379178e-05
2.7653211873257533e-05
3.3528935546200955e-05
6.218771704880055e-05
0.00019979508397227616
0.0010195050854235888
0.002851508295862004
0.004256056563463062
0.004114831914193928
0.003424635564442724
0.0028132109437137842
0.001964954804861918
0.0011301608319627121
0.0006496883943327703
0.00047202297719195485
0.0006131843329058029
0.0008602874440839514
0.0009616351453587413
0.0012802280980395153
0.0024640105839353055
0.003798835910856724
0.009312334819696844
0.0379918641410768
0.07948009204119444
0.07722929492592812
0.03362712007947267
0.005719102400689736
0.0006710489269607934
4.6040196139074396e-05
6.916114944033325e-05
0.00017234830102097476
0.000283952263998799
0.000306747380818706
0.0002921892737504095
0.0003166175083606504
0.0003504891210468486
0.00035593710344983265
0.00036903611180605367
0.0004006194940302521
0.0004198987007839605
0.0006271805978030898
0.001533106085844338
0.006643906730460002
0.048111935146152966
0.10884271655231714
0.10460246820002794
0.04984899132978172
0.013226043956819923
0.0019392965859879045
0.0002504264821254765
6.280749767029192e-05
5.460404554469278e-05
5.515735210792627e-05
7.660575829504523e-05
0.00017012429452734068
0.0003411605575820431
0.00044463745871325955
0.00043911481770919636
0.00045961637079017237
0.0005350522478693165
0.000845343922264874
0.0018804768042173237
0.0037211030430626124
0.006980618985835463
0.024401066359132525
0.06386508420109749
0.08767496608197689
0.06167611933778972
0.020024654149892743
0.0022223627893254165
0.0003093421055382351
0.00010351369382988196
6.87162073518266e-05
4.4315172999631613e-05
3.5475491131364834e-05
6.653063974226825e-05
0.00010944401947199367
0.000142262113513425
0.000280270010989625
0.0004941627375956159
0.0006866215408081189
0.0015100932942004874
0.00357069427263923
0.005521990766283125
0.007055566762574017
0.01013582933228463
0.012183704180642962
0.00967875390779227
0.006788492202758789
0.007759975153021514
0.008486890699714422
0.005617314658593386
0.002774219523416832
0.0016986117407213897
0.0010831536637851968
0.0006673118186881766
0.0004147107247263193
0.0002721250966715161
0.00020890898667857982
0.0001954848376044538
0.00016774111463746522
0.00010207749255641829
5.203274577070261e-05
4.862175592279527e-05
7.791773623466725e-05
0.00010924898924713489
0.00011259659186180215
8.71344018378295e-05
7.476080099877436e-05
9.251909796148539e-05
0.00014321870730782393
0.0002571487675595563
0.0005139738059369847
0.001167233924206812
0.0016113402234623209
0.001101714704418555
0.0004500721188378521
0.00019546243493095974
9.16793887881795e-05
8.08503773441771e-05
0.00010677771024347749
0.00014547534556186292
0.00017796899192035198
0.00017333215146209113
0.00016426685760961846
0.00017460324670537375
0.0001636128145037219
0.00012362221787043381
7.837701559765264e-05
5.095065353089012e-05
6.115829637565184e-05
9.265169683203567e-05
9.923741708917078e-05
7.559872938145418e-05
5.545601379708387e-05
5.577981210080907e-05
8.10306373750791e-05
0.0001637132609175751
0.0002618229773361236
0.00025969087437260896
0.000173470802110387
9.323034555563936e-05
9.600681187293958e-05
0.0002347125855521881
0.0003920489180018194
0.0003760433755815029
0.0002203616204496939
0.00010652977289282718
7.305094368348364e-05
6.558503082487732e-05
6.154741004138486e-05
4.822393566428218e-05
3.257619891883223e-05
2.5711900434544077e-05
2.7215089630772127e-05
3.5431026390142506e-05
4.280146004020935e-05
4.676770640799077e-05
4.9664435209706426e-05
5.0434745389793534e-05
4.496693145483732e-05
3.370914282641024e-05
2.847550786100328e-05
3.7448153761943104e-05
5.0587457735673524e-05
5.3520261644735e-05
5.0266515245311894e-05
4.6270343773358036e-05
3.822716871582088e-05
3.0470950605376856e-05
2.4417247686869814e-05
1.7480633005106938e-05
1.5336424667111714e-05
1.8603131366035086e-05
1.857894267232041e-05
1.5177252635112382e-05
1.3939672044216422e-05
1.4105696891419939e-05
1.2752402426485787e-05
1.2290474842302501e-05
2.1623097154588322e-05
3.697982310768566e-05
4.180075393378502e-05
3.601038770284504e-05
2.7804524506791495e-05
1.8960955458169337e-05
1.1943678032366734e-05
7.197345780696197e-06
4.909700010102824e-06
6.848266934866842e-06
1.1506318173815089e-05
2.0959914991180995e-05
3.442735305725364e-05
4.112110036658123e-05
4.5441885049513076e-05
5.123947539686924e-05
4.285195427655708e-05
2.4676175144122684e-05
1.6820820292196004e-05
3.62999267053965e-05
7.559750110885943e-05
8.682531824888429e-05
6.164488695503678e-05
3.652180475910427e-05
2.198340575887414e-05
1.4270694236984127e-05
1.1672009577523568e-05
9.672687042439065e-06
5.794341632281431e-06
2.5515845720747166e-06
1.589044501315584e-06
1.4805488319780125e-06
1.8244911927922658e-06
2.7889063289876503e-06
4.653609778415557e-06
6.128111067482678e-06
5.357901557090372e-06
6.6773596927305334e-06
1.6922192173751682e-05
2.6784768351717503e-05
2.5564182578818873e-05
2.016652433667332e-05
1.7095787370635662e-05
1.7728555576468352e-05
1.8068514009428327e-05
1.5575877114315517e-05
1.4409688901650952e-05
1.3640136785397772e-05
1.059019155036367e-05
6.70366159738478e-06
5.191809691496019e-06
7.584869649690518e-06
1.0583776770545228e-05
1.5234244301609579e-05
2.4880744831534685e-05
2.7351743256076588e-05
1.8000307591137243e-05
1.0524979529691336e-05
1.2447784001778928e-05
7.875400308421375e-05
0.001368191503388516
0.023882238077931103
0.11034542659763245
0.2259278390556574
0.24327078461647034
0.14398297248408198
0.045403876341879375
0.00754952524584951
0.0010634251379997297
4.186779023029886e-05
4.7716608833070495e-06
2.151460591903742e-06
1.7115958144131582e-06
1.3411015231667989e-06
1.1886891684298462e-06
1.170545957052127e-06
1.014988299630204e-06
8.958553081583887e-07
7.772289336571703e-07
1.549728750660506e-06
7.5355677324751005e-06
4.2105765601263556e-05
9.756434747032472e-05
0.00011255580102442764
9.35929474508157e-05
8.017525033210404e-05
5.512157622433734e-05
2.433057215966983e-05
1.1824952025563107e-05
1.1217571454835706e-05
1.146543763752561e-05
8.505295454597217e-06
3.934865844712476e-06
1.3631660635837763e-06
8.240528899250421e-07
1.0016575515692239e-06
1.4101443213121456e-06
2.262654589912927e-06
3.761952171998928e-06
4.905017931378097e-06
4.443264344899944e-06
2.666135870299513e-06
1.131558249767295e-06
7.059614688387228e-07
7.063296436626842e-07
7.045283467732588e-07
1.9945874925042517e-06
7.440385019208406e-06
1.2886013792012818e-05
1.4056329291634029e-05
1.4008369134899112e-05
1.3326299267646391e-05
1.1161774750689801e-05
6.513351308967686e-06
3.612117552620475e-06
9.41406688070856e-06
2.082907110434462e-05
2.8463855414884165e-05
3.3500658901175484e-05
3.63252179340634e-05
2.7750148774430272e-05
1.601168469278491e-05
1.579716467858816e-05
2.2898603674548212e-05
2.7444565148471156e-05
2.7125684027851094e-05
2.3070734187058406e-05
1.781795094757399e-05
1.292433785238245e-05
7.894323630353028e-06
5.16635816438793e-06
5.357932877814164e-06
6.666646072517324e-06
9.24969037896517e-06
1.3432071455099504e-05
1.8262391904499964e-05
2.1128564185346477e-05
2.0589190626196796e-05
1.8554052076069638e-05
1.7007236237986945e-05
1.464747947466094e-05
1.1617761401794269e-05
1.035967670759419e-05
1.2300461776248994e-05
1.6933438018895686e-05
2.1244954950816464e-05
2.2832808099337853e-05
2.1816822481923737e-05
1.8866663367589354e-05
1.3421458106677164e-05
7.112730770586496e-06
3.0205779921743674e-06
1.8661427247934625e-06
3.796790792875981e-06
8.541874819911754e-06
1.1664450994430808e-05
9.68087954333896e-06
5.900670259961771e-06
3.374879554485233e-06
2.2966405595070682e-06
3.5753257066062356e-06
1.080336988934505e-05
3.354370664965245e-05
5.611090136881103e-05
4.816268528884393e-05
2.7624323593045123e-05
2.6327278192184167e-05
9.053485882759559e-05
0.00026212007833237294
0.0003579507647373248
0.00024538479920011014
0.00012998743295611348
0.00011347891631885432
0.00011563185216800775
9.757475709193386e-05
6.284923119892483e-05
3.4150602004956454e-05
2.1485517663677456e-05
1.838166235756944e-05
2.1618352548102848e-05
3.594625695768627e-05
4.935471497446997e-05
4.3951710722467396e-05
2.9874453048250874e-05
6.295710500126006e-05
0.00032182267614189186
0.002485500212060287
0.017865853631519713
0.07771370187401772
0.2793173221871257
0.4802040345966816
0.37113156728446484
0.12277710973285141
0.015101880444490238
0.0005137889604611702
8.335715222074214e-06
2.224603676381776e-06
4.608898080959989e-07
7.335012668363561e-07
2.0556362727575106e-06
3.1439085432793945e-06
2.17848521799624e-06
1.0847440421457577e-06
2.322007972566098e-06
7.381577688647666e-06
1.8992067111867073e-05
3.05400722027116e-05
2.9347859253903152e-05
1.8549562810221687e-05
1.1626081686699763e-05
1.549508806419908e-05
3.2150054266821826e-05
6.162565341583104e-05
8.416435139224632e-05
7.409831323457183e-05
4.851942321693059e-05
3.875651145790471e-05
3.8973068512859754e-05
4.1839601180981845e-05
5.2219376811990514e-05
9.070680061995517e-05
0.00023992257047211749
0.000792781440395629
0.0022140182263683528
0.003317741153296083
0.002474822584190406
0.00101038595312275
0.0004097533965250477
0.0002578309467935469
0.0001827279556891881
0.00018287348211742938
0.00025824947078945115
0.0003214616772311274
0.0002757113725238014
0.0001916773762786761
0.00014939501488697715
0.00011371430355211487
6.720463898091111e-05
4.30100681114709e-05
5.75303565710783e-05
9.171661349682836e-05
0.00011509195974213071
0.00011585726497287396
0.00012613778926606756
0.00017203336938109715
0.00024336273418157361
0.0002820259105646983
0.00022642144540441222
0.00013138608665030915
7.239315800688928e-05
4.883823021373246e-05
4.6266557546914555e-05
5.018363117414992e-05
5.324899757397361e-05
6.671078335784841e-05
8.240971601480851e-05
7.052483306324575e-05
4.289836806492531e-05
3.725530405063182e-05
5.15231645294989e-05
0.00011930900200241011
0.0003575247446860885
0.0005780608844361268
0.0004954435862600803
0.00030201020126696676
0.00020797171964659356
0.00018363734852755442
0.00016055777086876333
0.00011128840560559185
0.00011043020276702009
0.00015199247718555853
0.00015451430954271927
0.00012206109204271343
9.48672659433214e-05
9.19739995879354e-05
9.532121839583851e-05
7.768779596517561e-05
6.39404224784812e-05
8.870618603395997e-05
0.00015165141485340428
0.00023005725961411372
0.0002735051966737956
0.00024504653265466914
0.00017036305871442892
0.00010397639562143013
8.222410724556539e-05
0.00010140768063138239
0.0001298975166719174
0.0001348238092759857
0.0001133141322497977
8.721282756596338e-05
6.696717628074111e-05
5.8299690863350406e-05
5.941252311458811e-05
5.214474003878422e-05
4.107321638002759e-05
4.875514059676789e-05
0.00010039195876743179
0.0002139467505912762
0.00032804194052005187
0.00030030598099983763
0.00015409116349474064
6.788274185964838e-05
5.463303386932239e-05
5.966491335129831e-05
7.465852468158118e-05
7.783036380715203e-05
7.576318967039697e-05
8.006246935110539e-05
0.00019288310977572107
0.0008423027411481597
0.002387033906416036
0.006898876570630818
0.01840586366597563
0.07557178614661098
0.19001996330916882
0.21675236895680428
0.10446357575710864
0.016067285067038032
0.0007652172789676116
0.00013462899914884474
0.0002207615070801694
0.0009944857956725173
0.0065442447375971815
0.027481137833092358
0.09010123508051038
0.18634567596018314
0.19820040464401245
0.09470109321409838
0.015453924923349408
0.0009438653978008917
2.0953423415903675e-05
1.7372466913911921e-06
2.1037398028056487e-06
3.3820954286056804e-06
4.839546761559177e-06
5.032004310123739e-06
5.1608508329081815e-06
1.0788041890918976e-05
1.783529057775013e-05
1.5073237250362583e-05
8.005844961189723e-06
4.955024621722259e-06
3.937112410312693e-06
3.5581927591010754e-06
7.273148526110162e-06
5.242044858277949e-05
0.0003152992694595014
0.000626458819169784
0.0005454534257296473
0.00032372553687309846
0.003369964324519969
0.029484601436706722
0.07102445675991476
0.08582845516502857
0.06330724293366075
0.02610819111578167
0.00525260652648285
0.0018977604704559783
0.0006183825025800617
0.00017207025302923284
0.0001107935604522936
0.00012033274470013566
0.00013124217366566882
0.00013584704720415175
0.00014674027988803573
0.00015456755136256106
0.00014141631072561722
0.00010855585423996672
6.648639100603759e-05
3.826882220892003e-05
2.9978165457578143e-05
3.919582195521798e-05
9.906417244565091e-05
0.00021761568496003747
0.00041888099804054946
0.0007290741341421381
0.0008712583949090913
0.0006242944909899961
0.000283946201307117
0.00011150544924021234
5.247001308816835e-05
3.2188758723350475e-05
3.257797334299539e-05
4.334847699283273e-05
4.750361495098332e-05
3.9274583741644165e-05
2.8782798381143948e-05
2.3465997855964815e-05
2.1572139303316362e-05
1.8125605947716394e-05
1.3995846757097752e-05
1.3122456266501104e-05
1.3076622508378932e-05
1.1231012649659533e-05
1.4272740145315765e-05
2.7672386067933985e-05
3.861509321723133e-05
3.60064445885655e-05
2.9940584681753535e-05
2.8978687169001205e-05
2.6642704597179545e-05
1.793093952073832e-05
1.047664864017861e-05
1.095105699278065e-05
2.0037109152326593e-05
4.735035781777697e-05
0.00010674682380340528
0.00022625179553870112
0.000355978641891852
0.0003321203439554665
0.000175983969711524
6.977795692364452e-05
4.1341087126056664e-05
5.0815061513276305e-05
0.0002644641563165351
0.0011841319246741477
0.004788899910636246
0.016596303379628807
0.04190536588430405
0.0698347594588995
0.07781931757926941
0.06273694336414337
0.06272966414690018
0.22593160718679425
0.4621007591485977
0.4119762871414423
0.17105248104780915
0.03823591439868324
0.006275263047427871
0.0005646626395900967
0.0001805136280381703
3.5606653455033666e-05
2.4624508569104364e-05
2.335714361834107e-05
3.6892528896714794e-05
0.0002654315817380848
0.0012638380885618972
0.004863106965785846
0.024902684090193358
0.10035808617249131
0.24947726167738438
0.30543010495603085
0.16269292088691148
0.02860662357852562
0.0012087602303836322
5.4923073093959836e-05
1.1046246640944446e-05
1.0401655572422897e-05
5.854035782704158e-05
0.0003627497376328392
0.0012240454561833758
0.0018277122580911964
0.0012112523982068524
0.00034184123978775466
6.998496064625215e-05
7.995090891199652e-05
0.00023522577430412636
0.0006383032050507609
0.0011257735750405118
0.0011626846244325861
0.0007424051291309297
0.0004494826207519509
0.0003638085472630337
0.00024429413497273345
0.00010989814200002003
4.356220779300202e-05
3.593128076317953e-05
6.234052307263482e-05
0.00015457537665497512
0.00028274111173232086
0.0003114582250418607
0.00022477034508483484
0.00014585172175429761
0.00011265387911407743
8.989295020001009e-05
6.945858331164345e-05
4.8848067763174186e-05
3.645623473857995e-05
5.948981970504973e-05
0.0001135622651418089
0.00016075393796199933
0.0002104483610310126
0.00029180667479522526
0.0009926976999850012
0.004705518200353254
0.0197028920520097
0.05306149646639824
0.06642782688140869
0.03405620908597485
0.005184348290640629
0.00042120665239053784
0.0002646354441822041
0.0004483044504013378
0.0006162698555272073
0.001284194499021396
0.011224738627788609
0.036344507650937885
0.050743769854307175
0.03375531593337655
0.01027881847403478
0.0013909718618378977
0.00040449941297993064
0.00038157210292411037
0.0002348391708437703
6.976322492846522e-05
2.2592288132727845e-05
2.181982017646078e-05
3.191100358890253e-05
3.805143751378637e-05
3.328117918499629e-05
2.056482367152057e-05
9.623487699172983e-06
5.00927120583583e-06
3.872963930007245e-06
4.423751818194432e-06
6.101979920458689e-06
7.65823858728254e-06
8.474992455376196e-06
1.128141775552649e-05
1.4943375617804122e-05
1.3556250678448123e-05
9.284068141823809e-06
8.993914889288135e-06
1.2449604241737688e-05
1.7392543213645695e-05
2.622067449919996e-05
3.587515357139637e-05
3.549479788489407e-05
2.4211792606365634e-05
1.4215554756447092e-05
1.2341461342657567e-05
1.2076455618625914e-05
8.238422992690175e-06
6.153505296424555e-06
7.796981094543298e-06
9.059946933120955e-06
8.985674412542721e-06
8.503087883582339e-06
9.46751515584765e-06
1.3059818911642651e-05
1.6454531760246027e-05
1.8699782231124118e-05
2.1072745767014567e-05
1.9607037074820255e-05
1.8152188658859814e-05
5.831465773553645e-05
0.0003145428700008779
0.0009078917173610535
0.0018225651001557708
0.003398086584638804
0.005001276498660445
0.007110080914571881
0.017107264953665435
0.048671398777514696
0.10068058222532272
0.1564056072384119
0.1983056552708149
0.2091394066810608
0.17151896096765995
0.0955648352392018
0.03406213119160384
0.009440219524549322
0.0024350395106012
0.0007861508056521417
0.0003905422781826928
0.0003457614002400078
0.0003843816157313995
0.0003570865774236154
0.00021610074145428373
9.378234699397582e-05
6.701403617626056e-05
9.957512247638078e-05
0.0001701065484667197
0.000347336805134546
0.0006513332773465663
0.0009411743085365742
0.0010246815509162843
0.0008450038731098175
0.0005486214831762481
0.0002669192772373208
9.024688642966795e-05
3.433902475080686e-05
2.0037674403283745e-05
3.508172812871635e-05
0.0002554801076257718
0.00282944219361525
0.015129897234146482
0.03750537754967809
0.09456617571413517
0.20107311196625233
0.24301059544086456
0.16117191780358553
0.06970033096149564
0.02696282812394202
0.00887082700501196
0.0023944407730596144
0.0007576562056783587
0.0005294231996231247
0.0002787872981571127
0.00011782712863350754
7.346030906774104e-05
5.690125635737786e-05
4.7605620238755364e-05
4.156126215093536e-05
4.517711658991175e-05
6.6562110077939e-05
9.360761032439768e-05
9.754893471836112e-05
7.425436797348084e-05
5.668939684255747e-05
5.656162193190539e-05
5.763953504356323e-05
5.092325500299921e-05
4.996520328859333e-05
9.621219851396745e-05
0.0007014979328232583
0.0043088576712762006
0.014433017640840262
0.030206874245777726
0.039175129029899836
0.033638776279985905
0.04784535802900791
0.08770336490124464
0.08676642132923007
0.043229738483205445
0.013737482164287941
0.004416271840455011
0.001680476125329733
0.001282551500480622
0.0010847771191038191
0.0010781215532915667
0.0007569120134576224
0.0003577654133550823
0.00014055117617317592
3.8814007893961395e-05
1.3783332633465763e-05
1.2382878139760578e-05
1.592244007042609e-05
1.7221199414052535e-05
1.4798243000768707e-05
1.1190685881956597e-05
9.826248742683674e-06
1.0441867061672383e-05
1.2539303043013206e-05
2.556867457315093e-05
5.5300169606198324e-05
8.419884761678986e-05
9.034947652253322e-05
7.678573456360027e-05
6.310277967713773e-05
5.066969742983929e-05
3.152542171847017e-05
1.4576160197066203e-05
7.052745559121831e-06
4.744704256154364e-06
4.162791469752847e-06
4.282577947378741e-06
5.194660502638726e-06
6.5154977164638694e-06
7.151341719691118e-06
7.1653170152785606e-06
6.705625992253772e-06
6.480096658378898e-06
7.304327368728991e-06
9.21872663184331e-06
1.568135689922201e-05
2.623808541102335e-05
3.0149216854624683e-05
2.3688093961027334e-05
1.6322393548762193e-05
1.6225592162300018e-05
2.281697470607469e-05
2.9746367999905488e-05
3.0699748549523065e-05
2.7178159598406637e-05
2.594476336525986e-05
2.7302975468046498e-05
2.402945551693847e-05
1.4891311820974808e-05
8.56445137742412e-06
7.345918447754229e-06
6.765689931853558e-06
6.323802267615974e-06
8.618493325229792e-06
1.4169713153933117e-05
1.924213870552194e-05
1.997817480514641e-05
1.799103074517916e-05
1.9460380372038344e-05
2.309833507752046e-05
2.1554443719651317e-05
1.5469330946871196e-05
9.346398428533575e-06
5.4503258297700086e-06
4.751074470732419e-06
6.7604718196889735e-06
9.322594792138261e-06
1.0014285180659499e-05
1.101923612623068e-05
1.3501529565473902e-05
1.305984892496781e-05
1.0017504791903775e-05
9.260587148673949e-06
1.1051649153159815e-05
1.2432235507731093e-05
1.4191533637131215e-05
2.1651761471730424e-05
3.5440464216662804e-05
4.977710068487795e-05
5.7000861488631926e-05
5.191717718844302e-05
4.075225479027722e-05
3.499009835650213e-05
3.702347839862341e-05
3.906336860381998e-05
3.2879808713914827e-05
2.027451614594611e-05
1.1374929272278678e-05
1.1021676300515537e-05
1.584924621056416e-05
2.3710602363280486e-05
3.450859458098421e-05
3.78937879759178e-05
2.690987798814604e-05
1.7070743069780292e-05
1.952684829120699e-05
2.4041797132667853e-05
2.0000917174911592e-05
1.282072366848297e-05
1.1500647360662697e-05
1.3513419162336504e-05
1.2318066865191213e-05
9.733030083225458e-06
1.0043529300673981e-05
1.3096610473439796e-05
2.090608631988289e-05
3.445853599259863e-05
5.700455767509993e-05
9.029682223626878e-05
0.00013588142610387877
0.0002655858770594932
0.0005296168783388566
0.0007496079488191754
0.0007487026450689882
0.0005737858009524643
0.0003481618332443759
0.000195835735212313
0.00012954696649103425
7.861259109631646e-05
4.124562883589533e-05
2.6454525141161866e-05
1.7737624375513406e-05
1.1383455330360448e-05
1.0030962130258558e-05
1.1092713066318538e-05
1.2222545365148108e-05
1.2101173751943861e-05
1.0226890935882693e-05
7.5868332487516454e-06
5.22182727991094e-06
3.735030190910038e-06
3.08661486769779e-06
2.971310379962233e-06
3.3375094972143415e-06
4.976105572040979e-06
1.1846571396745276e-05
3.132494134661101e-05
6.787909751437837e-05
0.00012794021131412592
0.00027605438845057506
0.0008521310373907908
0.0014914269268047065
0.0012640665663639084
0.0006166562670841813
0.0003113259554083925
0.00022491234267363325
0.0001603588734724326
0.00010081152140628546
7.956900117278565e-05
8.257395165855996e-05
7.217544771265239e-05
4.478148866837728e-05
2.3522338779002894e-05
1.5223682567011565e-05
1.4821215700067114e-05
2.9472863843693627e-05
6.480075535364449e-05
9.394679000251926e-05
9.279190271627158e-05
8.301168782054447e-05
9.435469473828562e-05
0.00011775104576372541
0.00016732230869820341
0.00027805017089121975
0.00037392952071968466
0.0003443441128183622
0.00021461173491843513
0.00010546397243160756
6.25393477093894e-05
5.1892012379539665e-05
6.20374376012478e-05
8.008216627786169e-05
8.694905045558698e-05
0.0001072776267392328
0.000225617168325698
0.000685020895616617
0.0020240706799086183
0.003829885070445016
0.0040234868647530675
0.002199234611907741
0.0005488421861628013
5.049668516221573e-05
3.735331893039984e-05
0.0007650089150956773
0.0034224858609377402
0.006752393615897745
0.0076349510345608
0.00580440042540431
0.0032425826066173617
0.0013016030006838266
0.0003215995634491265
3.457803632045398e-05
2.3449360469385283e-05
8.918247294786852e-05
0.0002170292036680621
0.00025753057343536057
0.00013815428928865003
3.312671049116034e-05
8.764182581444402e-06
2.7674059452920123e-06
1.109736899707059e-06
1.3787121844188732e-06
1.8505500065657543e-06
1.6710275332343372e-06
1.0748972130159018e-06
1.197697017119026e-06
2.4943884824324414e-06
3.243580493972331e-06
2.927028447174962e-06
5.623869270721116e-06
8.936584890761878e-06
6.595402027187448e-06
2.79854415907721e-06
3.036931872202331e-06
5.611993088905365e-06
8.055165949372167e-06
3.0089870392657755e-05
0.0001304032971347624
0.0003248771627113456
0.00042952445801347494
0.0003258267606724985
0.00018901820476457942
0.0001089912666429882
5.59376712772064e-05
0.0001422572904630215
0.001671574504143791
0.0035703519388334826
0.0028319417469901964
0.002210678328992799
0.18359930456790605
0.5228933824691921
0.5868156254291534
0.3507837150245905
0.12589361891150475
0.026779595995321873
0.008435808471404016
0.0033323104216833603
0.0005568059204961173
0.0001542671179777244
6.704284896841273e-05
5.036644324718509e-05
5.20816329299123e-05
5.1216897190897726e-05
4.920480387227144e-05
5.1415110647212714e-05
5.2085450079175644e-05
4.816748969460605e-05
5.007574418414151e-05
5.894121113669826e-05
6.561939699167851e-05
6.985876461840235e-05
7.88948073022766e-05
9.205915193888359e-05
8.991019967652392e-05
6.090613123888034e-05
2.6316086177757828e-05
9.675444061940652e-06
9.808085223994567e-06
1.7200160300490097e-05
2.3624625100637786e-05
2.8434045816538855e-05
3.770117427848163e-05
4.878840354649583e-05
7.3556474490033e-05
0.00014710701088915812
0.00024636401212774217
0.00027885776580660604
0.00021260944413370453
0.00012011688340862749
7.218032078526448e-05
7.275634015968535e-05
0.00012290620179555845
0.00023043136388878338
0.0003020218646270223
0.00022672466730000454
9.445920568396106e-05
4.4627482566284016e-05
7.832765822968213e-05
0.0003453911685937782
0.0019152191998728083
0.009053309506271034
0.0320869165007025
0.05914428038522601
0.06337705533951521
0.062289245426654816
0.12038623634725808
0.31806109845638275
0.5286054313182831
0.46234187111258507
0.1978038287488744
0.03440352868346964
0.0016160484556166923
0.0002745804795267759
0.00011708588135661557
8.860570505930809e-05
6.040829839548679e-05
3.2398335861216765e-05
1.9520592786648194e-05
1.5180755781329935e-05
1.2310382544455933e-05
9.955751011148095e-06
7.4572027415342745e-06
4.779976563895616e-06
3.777302595153742e-06
6.405196984360373e-06
1.511796187969594e-05
3.573237540877017e-05
7.888063191785477e-05
0.0001882083834061632
0.0006696310665574856
0.002836481529811863
0.010290663805790246
0.03769966377876699
0.11145107494667172
0.2090047150850296
0.23578913882374763
0.16561901569366455
0.0898925606161356
0.06433595716953278
0.05800339486449957
0.038920121267437935
0.015194289007922636
0.0032856813049875204
0.0010414455609861761
0.0009662957018008456
0.0007959022477734834
0.0006646849360549822
0.0007792236865498126
0.0009201929060509428
0.0009681739029474556
0.0008667415386298671
0.0005515717093658168
0.0002717581155593507
0.00019733472436200827
0.00017953652059077285
0.00012562930442072684
7.734530481684487e-05
7.34951199774514e-05
8.253704254457261e-05
7.455745526385726e-05
8.180702207027934e-05
0.00015482205617445288
0.0003539489807735663
0.0020207013221806847
0.009760252098203637
0.019353780429810286
0.01960416277870536
0.011828427785076201
0.003938783316698392
0.0003783150550589199
7.69145117374137e-05
0.00027065891663369257
0.0005179330364626367
0.0008559438429074362
0.003421526285819709
0.04513614962343126
0.1268084952607751
0.14477359782904387
0.07798884646035731
0.020123822760069746
0.00262687664871919
0.00036973465466871863
0.0002643518346303608
0.00025153453316306695
0.00017114667571149766
9.623085588827962e-05
4.523824327407056e-05
2.131370320057613e-05
1.1990761549895979e-05
6.2158943592294236e-06
3.009112617746723e-06
1.937258446105261e-06
2.244335121304175e-06
3.359622667176154e-06
4.031850323826802e-06
3.1728738463243644e-06
2.1921716211181774e-06
2.6117896254618245e-06
3.843566446448676e-06
4.488076683628606e-06
4.404888841236243e-06
5.158887120160216e-06
7.2834940283428296e-06
1.257341762084252e-05
3.0391499876714075e-05
5.888201258130721e-05
6.897858202137286e-05
5.6963315728353336e-05
5.5020119361870456e-05
5.94041048316285e-05
4.824076722798054e-05
3.088052471866831e-05
1.9191864566892036e-05
1.2601646858456661e-05
1.014821941680566e-05
1.102077999348694e-05
1.3902041246183217e-05
1.479096272305469e-05
1.1213111065444537e-05
7.143103061935108e-06
5.124515610077651e-06
4.529495868155209e-06
7.193932788140955e-06
1.328605458184029e-05
1.664637306930672e-05
1.6702801985957194e-05
2.3014908720142557e-05
8.45325425871124e-05
0.0011246294334341653
0.009962674026610328
0.04785186308436096
0.10826842673122883
0.13404196873307228
0.1228417195379734
0.13253798335790634
0.17155615612864494
0.20940669998526573
0.1893478874117136
0.1006347304210067
0.02864955319091678
0.006195829977514223
0.001504542262409814
0.0006142449492472224
0.00042126536573050544
0.0005062948403065093
0.0007875545343267731
0.0011897339136339724
0.0013047727989032865
0.0009648778577684426
0.0005625104022328742
0.00042004610440926626
0.0003911266212526243
0.00026069587511301506
0.00011776382780226415
4.925173720948806e-05
1.6963905409284052e-05
5.567481196067093e-06
4.665452138397086e-06
1.6801511321773432e-05
0.00012890225389128318
0.0023374470001726873
0.0074344054810353555
0.01129202637821436
0.011965748388320208
0.028515684884041544
0.1490887578111142
0.3346053007990122
0.3686488941311836
0.24225384928286078
0.10866423137485982
0.032699057017453015
0.007530206319643185
0.0020064751697645993
0.00036776652996195486
0.00018769066082313657
0.00013195833525969647
0.00010200786346103996
0.00021222412397037258
0.0004399879871925805
0.0005360552604543045
0.00042292587022529915
0.0003207583285984583
0.0003539846948115155
0.0003922947435057722
0.0003118965032626875
0.00017421707161702216
8.36848485050723e-05
0.00012848800542997196
0.0006310713797574863
0.0018617017703945749
0.0033767232089303434
0.005701628979295492
0.010898723499849439
0.0229668733663857
0.033330115024000406
0.02623889339156449
0.011696471949107947
0.04918052023276686
0.23251010302919892
0.3702753819525242
0.244124373421073
0.08024587505497038
0.025582135422155265
0.009123470343183726
0.00391294564906275
0.0005557086406042799
0.00029029868892394006
0.00017061524340533651
0.00014177048433339223
0.0002585540678410325
0.0005866726933163591
0.0008554771629860625
0.0007904116500867531
0.0005936591478530318
0.0004034775047330186
0.00019919455917261078
7.442010246450081e-05
5.345873432816006e-05
9.567211964167655e-05
0.00019198084737581667
0.00036181780888000503
0.0005101674250909127
0.0005068434693384916
0.0004554611223284155
0.000451993546448648
0.00047013338189572096
0.0004479162089410238
0.0003134022572339745
0.00016685714399500284
0.00011120839553768747
8.272851027868455e-05
4.846626234211726e-05
3.40400774803129e-05
3.445875427132705e-05
5.4012518376111984e-05
0.00011351316607033368
0.00019033855096495245
0.0002361684455536306
0.0002373559182160534
0.00023003413662081584
0.00021759319497505203
0.00018575365902506746
0.0001969790828297846
0.00023862754460424185
0.00023844503448344767
0.00023975188014446758
0.00023511845211032778
0.00015123305638553575
5.7447472045168986e-05
3.2103838748298585e-05
4.333488641350414e-05
5.5425770369765814e-05
8.593232450948562e-05
0.00022829595582152248
0.0004984454681107309
0.0007032142457319424
0.0006568947137566283
0.0006940830935491249
0.0016417482984252274
0.003903609118424356
0.006540988164488226
0.014959390624426304
0.0750369334127754
0.24172458704560995
0.338857751339674
0.20205221208743754
0.04390155359578785
0.0031480180441576526
0.0002904874199884944
0.00015889209316810593
0.00018441423526383005
0.0001505757372797234
0.00010697135985537898
0.00010083167217089795
0.00010882822425628547
0.00013742090413870756
0.0002318448678124696
0.00037293570130714215
0.0004816033906536177
0.0004971252637915313
0.0003534201387083158
0.0001552876856294461
6.988955647102557e-05
6.750472311978228e-05
7.141675723687513e-05
6.237301840883447e-05
4.811641429114388e-05
3.6319740047474625e-05
2.596985359559767e-05
2.1189023755141534e-05
2.2433932372223353e-05
2.5531554001645418e-05
4.1052136566577246e-05
8.280659767478937e-05
0.00012718703874270432
0.00012749273264489602
8.958946455095429e-05
6.326002039713785e-05
5.824031541123986e-05
5.066774247097783e-05
3.8517185203090776e-05
3.382301110832486e-05
3.519817164487904e-05
4.919243110634852e-05
0.00010907119940384291
0.00020550265617202967
0.00026318624077248387
0.00023966034859768115
0.00016976145707303658
0.00012850068014813587
0.00015017872647149488
0.00020162247164989822
0.0002417763098492287
0.00024997652872116305
0.0002767671176115982
0.00030378985684365034
0.00023196913571155167
0.00012473455717554316
6.55372095934581e-05
4.4475636968854815e-05
4.847627133131027e-05
6.596867387997918e-05
7.43054933991516e-05
6.754614878445864e-05
0.00010923653462668881
0.00027747624335461296
0.000647118878987385
0.0010377912258263677
0.001064640178810805
0.0008098407415673137
0.0006027578128851019
0.00044502138553070836
0.00026396740395284723
0.0001294001776841469
9.093261724046897e-05
0.00010551128798397258
0.00010539335744397249
9.074832269106992e-05
0.00010134534568351228
0.00011033958071493544
8.855721534928307e-05
6.814266907895217e-05
6.026688060956076e-05
4.991733203496551e-05
5.493534808920231e-05
0.00012767502448696177
0.000258046253293287
0.0003261492820456624
0.0002900262661569286
0.0002398570504738018
0.00022317537514027208
0.0002230213831353467
0.00022392794926417992
0.00023646143017685972
0.00024151906472980045
0.0001873333731055027
0.00011150560203532224
6.953437150514219e-05
5.644890188705176e-05
8.18259795778431e-05
0.0002598307273729006
0.00047541983440169133
0.0003852751424346934
0.0001850845237640897
0.00028555147127917735
0.0006341296939353924
0.0008732904243515804
0.0008206120401155204
0.0011039269884349778
0.002403257734840736
0.004188157734461129
0.004760234558489174
0.0032420578208984807
0.001235304505826207
0.00029145559892640455
0.00014551583808497526
0.00038280716034932993
0.0018639370318851432
0.0038967248401604593
0.003680658614030108
0.0017620302169234494
0.0004958680910931434
9.434217838588667e-05
1.3307971272524812e-05
2.599849167950197e-06
9.036031158871084e-07
6.209724006112083e-07
2.5582284095548853e-06
1.1876398531285304e-05
3.064411248487886e-05
4.447066476132022e-05
4.165296286373632e-05
3.2549437037232565e-05
2.4557775759603828e-05
1.629275629966287e-05
9.83385837116657e-06
6.377651857292221e-06
4.457192687823408e-06
2.9830193852831144e-06
2.0569583227825206e-06
2.7744286512643157e-06
6.745865931634398e-06
1.1486018365758355e-05
1.1444369988566905e-05
6.752401986886981e-06
2.4045444533271625e-06
6.256042084373804e-07
4.3903239799192306e-07
9.311001960554677e-07
2.013816725821016e-06
3.5327457226230763e-06
5.12360054472083e-06
5.896784387005027e-06
5.0069731400981254e-06
3.4197837521787733e-06
2.625538343181688e-06
3.0478025792035623e-06
5.89186231536587e-06
1.2552328144010971e-05
2.623098293952353e-05
4.963616220265976e-05
8.62096339915297e-05
0.00011649781117739622
0.00022589554646401663
0.001275414380870643
0.004881638218648732
0.007202074979431927
0.04621805797796696
0.21799900423502547
0.3590037375688553
0.27048641070723534
0.12310345011064784
0.03705542776151561
0.001090791600290686
0.0006932144933671225
0.00027264040090813074
3.414218735997565e-05
2.6351551241532434e-05
3.874495905620279e-05
5.097468147141626e-05
5.241193412075518e-05
4.736713526654057e-05
3.8185146877367515e-05
3.236038082832238e-05
3.200162291250308e-05
2.57001643149124e-05
1.3725597568736704e-05
6.586061658708786e-06
6.1212348327899235e-06
1.346463398022024e-05
5.561627403949387e-05
0.0001273230227525346
0.00016928675540839322
0.00021970248053548858
0.0003253843133279588
0.00041507865535095334
0.0005053901331848465
0.00053205532458378
0.00036731588625116274
0.00017118033792939968
7.33943484192423e-05
3.0735683594684815e-05
1.8684918813960394e-05
1.719549118206487e-05
1.4734402384419809e-05
1.4937024388927966e-05
2.2854371081848512e-05
3.444470303293201e-05
3.951555481762625e-05
3.353403644723585e-05
2.3973534098331584e-05
2.7689280614140444e-05
8.793953338681604e-05
0.000236293050875247
0.0003882100645569153
0.000511965095938649
0.0007576901043648832
0.0010699227132136002
0.0012906891643069685
0.0013560937950387597
0.0015336929936893284
0.0018584103672765195
0.0015396262315334752
0.0007221152700367385
0.00023192409662442517
7.955575892992783e-05
3.542239528542268e-05
2.405139912298182e-05
2.6289414108759956e-05
4.9199352361029014e-05
0.0001653663766774116
0.0003995917759311851
0.0005587491759797558
0.0004894338708254509
0.00029851422004867345
0.00014970977099437732
8.563537994632497e-05
6.657624817307806e-05
6.781552292522974e-05
7.951724273880245e-05
7.882471618358977e-05
6.358210976031842e-05
4.535211064649047e-05
7.563842791569186e-05
0.0005933468755756621
0.0032226549628830976
0.012899487104732541
0.03735151351429522
0.0830483715981245
0.14287224225699902
0.1582602746784687
0.09919269988313319
0.04103422723710537
0.0222441959194839
0.012569721555337312
0.004291468496376183
0.0009506040323685739
0.00014510265054923369
3.350152292114217e-05
2.827310845532338e-05
9.06992281670682e-05
0.0004428354786796262
0.0010042848443845287
0.0011146749020554125
0.0006573433129233308
0.00022904232719156428
8.474254627799382e-05
5.645738974635606e-05
3.580608154152287e-05
2.8735492833220633e-05
6.461124121415196e-05
0.0003504993092064978
0.0029418734557111743
0.014487762615317477
0.038138940231874585
0.050443967804312706
0.0345341966021806
0.013815195794450121
0.0038912786767468796
0.0005805656692245976
0.0002377139899181202
0.0010423622879898176
0.0033402264016331173
0.010175905656069517
0.040010068099945784
0.06389235658571124
0.03794263704912738
0.007163552916608752
0.0010416296800030977
0.00019283865458419316
3.0508059808198595e-05
2.523399598430842e-05
3.0510902888636338e-05
4.8306221287930384e-05
6.164254500617972e-05
7.644048855581786e-05
0.00010299967470928095
0.00011413697757234331
9.061992477654712e-05
4.992869480702212e-05
2.2617767172050662e-05
1.2642891306313686e-05
8.177824156518909e-06
5.794278308712819e-06
4.194470420770813e-06
3.6701873113997863e-06
4.004073389296536e-06
4.88059322378831e-06
5.69101530345506e-06
5.642118594550993e-06
5.232200010141241e-06
6.2212527609517565e-06
2.0323640910646645e-05
7.359884739344125e-05
0.00014809592266828986
0.00020356610548333265
0.0003373164145159535
0.0004990814632037655
0.0004160913267696742
0.00017871527597890238
4.7367510205731385e-05
1.4313333963400511e-05
5.626154916171799e-06
3.1846773254073923e-06
2.9956232765471213e-06
4.620468757821072e-06
7.187574396994023e-06
1.0151342848985223e-05
1.1874032679770608e-05
1.0843936024684808e-05
1.0171872190767317e-05
1.1261470945100882e-05
1.1739559568013647e-05
1.278455260944611e-05
1.5357859410869423e-05
1.5666330227759317e-05
1.174334363440721e-05
6.380187130616833e-06
3.335585745389835e-06
3.7329301108002255e-06
6.612936942929082e-06
1.2422039617376868e-05
2.0276876512070885e-05
2.8972237487323582e-05
3.566124814824434e-05
3.0364005624505808e-05
1.5205527233774775e-05
5.133544505042664e-06
2.5376697578849416e-06
1.8873492706461548e-06
1.4519137039314955e-06
2.5694060639125382e-06
1.1216928470503262e-05
7.713863828939793e-05
0.0005007010499866738
0.0024340788477275055
0.0061830618942622095
0.00789531460031867
0.0052375630766619
0.002295652317116037
0.0013278572296258062
0.0007650707339053043
0.0003547988453647122
0.0003313863489893265
0.00038250054785748944
0.0003381383285159245
0.00020388267148518938
9.01778712432133e-05
3.9527502849523444e-05
1.880201671156101e-05
1.0134783110515855e-05
4.977178548415395e-06
2.2221479980544245e-06
3.015021604824142e-06
6.045193742920674e-06
7.357652179962315e-06
6.531925464514643e-06
6.805714178881317e-06
1.1300499636490713e-05
2.747157668636646e-05
6.599717380595393e-05
0.00010470693905517692
0.000101735997304786
6.887934523547301e-05
4.5185903218225576e-05
3.969376120949164e-05
4.472948785405606e-05
7.81969874878996e-05
0.0004484250257519306
0.001696207847999176
0.003150596545310691
0.00546204624697566
0.010907434450928122
0.012589369900524616
0.006286279007326812
0.0019549864227883518
0.014194534916896371
0.035105381219182163
0.032486688112840056
0.012668195820879193
0.002858403817299404
0.0008441839845545476
7.269622074090876e-05
6.670247512374772e-05
5.8576054016157286e-05
3.456907279542065e-05
3.807749953921302e-05
0.00011017878250640932
0.00020241022502887063
0.0001932726281665964
0.00010162906664845651
3.820609617832815e-05
1.7723860082696774e-05
9.80428683305945e-06
6.281822834353079e-06
6.473583994193177e-06
6.862768145765585e-06
5.705636340280762e-06
5.140430175742949e-06
5.8895315078189014e-06
6.9382998617584235e-06
8.012416742531059e-06
8.006059033505153e-06
5.968948016743525e-06
3.6405898526936653e-06
2.312578487817518e-06
1.8821608023245062e-06
2.46287021354874e-06
3.464000599251449e-06
3.61542504379031e-06
2.7889726368357515e-06
2.103151189203345e-06
1.8911420909262233e-06
1.635929322674201e-06
1.4079311938530736e-06
1.4650467790033872e-06
2.356193959940356e-06
5.670392027923299e-06
9.936201422533486e-06
1.08900492250541e-05
9.534692935631028e-06
1.1191073554073228e-05
2.1304222627804847e-05
6.084196320443879e-05
0.00016675266306265257
0.0004547855423879809
0.003998511587269604
0.02916084541357122
0.08634816925041378
0.13093002326786518
0.1362437754869461
0.15685201436281204
0.23528225347399712
0.3252999000251293
0.30134797655045986
0.15297858440317214
0.036661168793216355
0.005229239905020223
0.0011627630374277942
0.0003321103140478954
0.0001092078491637949
6.723761362081859e-05
6.103796295064967e-05
0.00012444907588360365
0.0004995486360712675
0.00153834206139436
0.0034134475281462073
0.005073297710623592
0.005602954188361764
0.0068620797246694565
0.017107520485296845
0.058956541121006005
0.16303191613405943
0.2656813971698284
0.24005459435284138
0.11918898718431593
0.03143895859830082
0.005158363259397448
0.002586323593277484
0.001855072216130793
0.0010005486401496455
0.002149345906218514
0.004726133061922155
0.004238317873387132
0.0014836486589047129
0.0002572248886281159
0.00014404637477127835
6.318657142401207e-05
4.0081183669826714e-05
2.1608634142467054e-05
1.3022340908719343e-05
1.2378127848933218e-05
1.6290592384393676e-05
2.0859711639786838e-05
5.723109643440693e-05
0.0004472094378797919
0.0019132652741973286
0.003467148053459823
0.004069582209922373
0.009801132429856807
0.0732132897246629
0.29229184007272124
0.5713272616267204
0.6271334365010262
0.42586836591362953
0.1846630352083594
0.04515143422031543
0.003870390470183339
8.781102900456973e-05
3.1122954169404697e-06
1.4223118967038316e-05
0.0003682959378465966
0.0027489174181027916
0.012212866538902745
0.020792082184925675
0.014779303281102331
0.004556419808068314
0.00092022142962378
0.0002042538362729829
7.863125574658625e-05
0.00011776894825743511
0.0001480208957218565
0.00013037196185905486
9.832719115365762e-05
7.382324565696763e-05
5.5501201131846756e-05
4.129606668357155e-05
3.0322315069497563e-05
2.310837453478598e-05
1.8061822174786357e-05
1.4857631413178751e-05
1.3031209164182656e-05
1.2983825399714988e-05
1.2415750461514108e-05
1.1139371963508893e-05
1.1940150670852745e-05
1.2687864909821656e-05
1.0412564165562799e-05
7.385653361779987e-06
5.834754347233684e-06
5.668691642313206e-06
6.354976903821807e-06
7.528782703047909e-06
1.1648802569652617e-05
2.0675349560406175e-05
2.995049862875021e-05
3.636177552834852e-05
4.365069980849512e-05
5.2164091357553843e-05
5.056263125879923e-05
3.55723768734606e-05
2.383767741775955e-05
2.339217599001131e-05
3.2430039482278517e-05
5.2535051054292126e-05
6.24373151367763e-05
4.324826295487583e-05
2.145638154615881e-05
1.5117864450076013e-05
1.353657057734381e-05
1.269338190468261e-05
1.3570085002356791e-05
1.4378453442986938e-05
1.304396732848545e-05
1.0726417258410947e-05
1.0286338920195703e-05
1.1385804100427777e-05
1.3952795598015655e-05
2.2057501155359205e-05
4.654451004171278e-05
0.00013734547428612132
0.0003237601740693208
0.0011151720173074864
0.0038436561299022283
0.007757326180581003
0.009433937724679708
0.00814100750721991
0.0073186918161809444
0.00781811133492738
0.006867424817755818
0.004821692651603371
0.004070492112077773
0.004655917698983103
0.00460432464024052
0.004680347279645503
0.0087063989485614
0.013793491409160197
0.01374581572599709
0.00952837010845542
0.0049782519054133445
0.002162070741178468
0.0009597829084668775
0.00035888409365725243
0.00013627477528643794
8.846311266097473e-05
5.57598991690611e-05
2.5210658122887256e-05
1.0993551086357911e-05
9.236641972165671e-06
9.380649089507642e-06
1.089970442080812e-05
1.4120805644779466e-05
1.782984213605232e-05
3.11098247038899e-05
9.28354647840024e-05
0.0009546777273499173
0.011155060707096707
0.10761380131589247
0.38805202674120665
0.6758830025792122
0.5945865884423256
0.2399574520532042
0.03444325050804765
0.004385927801195067
0.0005743223864556058
9.99253346662954e-05
1.2692560460436654e-05
1.3029173544509831e-06
1.2154018463661485e-05
6.556473934438145e-05
0.00019562978650355944
0.0013981652555230537
0.0037371507642092183
0.004251032834872603
0.002922608400695026
0.001930266727868002
0.0008640547348477413
0.00013359015429159626
0.00011717966117430478
0.00012088754374417476
8.037357474677265e-05
7.89531295595225e-05
0.00013200828470871784
0.00015717943097115494
0.00012400041123328265
9.002016849990468e-05
8.746596722630784e-05
9.016841431730427e-05
7.562607061117887e-05
4.90402680952684e-05
2.59625710441469e-05
1.4543058114213636e-05
1.0686645964597119e-05
1.0230361795038334e-05
1.0053255095954228e-05
7.651823011656234e-06
7.1693249310555984e-06
1.2298134038246644e-05
1.8609615608511376e-05
2.1362598090490792e-05
2.2543405975739006e-05
2.424990043436992e-05
2.1757120066467905e-05
1.5037081993796166e-05
1.1025102594430791e-05
1.1215526228625095e-05
1.3860289527656278e-05
1.7294043118454283e-05
1.9188532405678416e-05
1.9205353964935057e-05
1.654896664149419e-05
1.144016130183445e-05
7.654205660401203e-06
7.575697850370489e-06
9.351756148134882e-06
1.0259147757096798e-05
1.0946878774120705e-05
1.1560178108993568e-05
1.0991168664986617e-05
1.05820886346919e-05
1.0803408713400131e-05
1.2068853948221658e-05
1.5989280882422463e-05
2.08205005947093e-05
2.3543777842860436e-05
2.5031688892340753e-05
2.5718501547089545e-05
2.2958048703003442e-05
1.8427296254230896e-05
2.131821247530752e-05
4.552607833829825e-05
7.919568361103302e-05
8.699918907950632e-05
8.435826021013781e-05
0.00011120242015749682
0.00013340591794985812
9.678991273176507e-05
3.711159820340982e-05
1.2375970527500613e-05
1.306783610743878e-05
1.5476339285669383e-05
1.382296022711671e-05
7.965593454173359e-06
4.072254000675457e-06
6.163448119878012e-06
5.934244643412966e-05
0.0012223882486068758
0.01128275164955994
0.059950580471195274
0.12977016996592283
0.13813439011573792
0.09777414053678513
0.08489236608147621
0.08994202874600887
0.09277725405991077
0.12640324421226978
0.16363702528178692
0.13381813373416662
0.0625235945917666
0.015475314226932827
0.0016341263144568077
0.0003043063752556919
8.315340255649062e-05
6.085209679440595e-05
6.908046725584427e-05
9.810839765123092e-05
0.00017944681530934758
0.00025582098533050157
0.0002344743552384898
0.00017402229423169047
0.00013891173512092791
0.00010489727537787985
6.0622161981882534e-05
2.8580857360793747e-05
1.9911926301574567e-05
2.905125165852951e-05
8.466420194963575e-05
0.00023601333396072732
0.0018548078005551358
0.013858946294931227
0.03952991322148591
0.049775049556046724
0.02939099294599146
0.008435604948317632
0.0016449627783003964
0.00020103580345676167
7.614407240907894e-05
0.0010110796933986421
0.003348470178025309
0.007998854795005172
0.03781538980547339
0.08895250922068954
0.09079908020794392
0.04062310210429133
0.0077905071157147185
0.001296405974244408
0.000106999166746391
6.75444889566279e-05
4.576026958602598e-05
1.9629885400718194e-05
2.004241105169058e-05
5.1784158358714194e-05
0.00015341261041612597
0.00046236971684265876
0.001552937254018616
0.012945916154421864
0.07330751128029078
0.18408767506480217
0.21029687486588955
0.1050589771475643
0.018638054629263937
0.0014730628954566785
0.00014787522786718912
4.154380894760835e-05
2.156303708034102e-05
1.9738795344892424e-05
1.9080917809333187e-05
1.5141218227654463e-05
1.0434332352815545e-05
1.5505725968978368e-05
5.542765688915096e-05
0.00024782611853879644
0.000699640870152507
0.0013784586044494063
0.002303108456544578
0.003486749599687755
0.0046179278288036585
0.004745026642922312
0.003455591358942911
0.0018527293723309415
0.0007756098839308835
0.00021032508584539758
3.433335359659395e-05
1.496183062954515e-05
2.1474887034855783e-05
0.0001752446971750032
0.0021886639360673144
0.023050570642226372
0.09012295550201088
0.13212676625698805
0.08250275626778604
0.029278328176587824
0.013850007206201555
0.004971020127413795
0.002397926233243197
0.004532362770987675
0.005457453487906605
0.003077439883782063
0.0008037007028178779
0.00015778626948304011
5.4368036217056215e-05
5.179442450753413e-05
8.751578207011335e-05
0.0002807272230711533
0.0006760253818356432
0.000943389197345823
0.0007539306607213803
0.0003557267227733974
0.00016752444935264066
0.00018802418708219193
0.00030454672378255054
0.0006069971059332602
0.0009784057474462315
0.0008820831280900165
0.00035409874863034935
4.494350378081436e-05
3.144079482808593e-05
0.00016811230489111037
0.0034449238301021974
0.015129034465644507
0.02649636147543788
0.02312430366873741
0.016058656852692366
0.04714279435575008
0.10812918096780777
0.11729914043098688
0.06993097020313144
0.0341162271797657
0.0221076684538275
0.012477828568080442
0.003678770866827109
0.0009794457291718572
0.0013295740791363642
0.0012773721682606265
0.0007315650218515658
0.000366066575224977
0.00027299147768644616
0.00026713784609455615
0.00030453878571279347
0.0003102962364209816
0.00024266783839266282
0.0001679309607425239
0.000462707988845068
0.001973386861209292
0.006941062951227649
0.019017040613107383
0.03261122386902571
0.03442714549601078
0.023580853594467044
0.011150118312798442
0.004451339162187651
0.002596567152068019
0.06097659017541445
0.1520384753239341
0.14804298244416714
0.08936556335538626
0.04883973440155387
0.020540354656986892
0.006449439213611186
0.0012957104981978775
0.0001383513681503246
7.358087805187097e-05
0.00016678194515407085
0.0002713320136535913
0.0005673806335835252
0.0012876511173089966
0.001795392279746011
0.0013530737996916287
0.0005940066293987911
0.0002237129865534371
0.00010126521647180199
4.708219830718008e-05
3.103210201516049e-05
0.00010366998185418196
0.0006645321273026638
0.002063412764982786
0.0030296892509795725
0.002392609865637496
0.0012926424678880721
0.0006403173065336887
0.0002636627723404672
9.224970290233615e-05
4.9221313929592725e-05
4.829862609767588e-05
6.478953309851931e-05
0.00019621327555796594
0.0011879623489221558
0.005407504228060134
0.018639830348547548
0.045689664548262954
0.09451527707278728
0.14160199463367462
0.11964416457340121
0.04663816001266242
0.0059820411188411535
0.0005236345441517188
6.21677390881814e-05
2.2681969767290866e-05
1.2644754178836594e-05
6.491173166978115e-06
9.842728559306124e-06
2.6272041736774554e-05
5.4238630127656506e-05
9.184217924484983e-05
0.0001872633602033602
0.0002997654810314998
0.0003022576493094675
0.00027708369452739134
0.0002712080895435065
0.00020712619880214334
0.00016646662334096618
0.00016122222405101638
0.00011243331391597168
5.613129087578273e-05
3.0185787181835625e-05
2.3863299702497898e-05
2.424829563096864e-05
2.6552299914328614e-05
3.750395990209654e-05
5.7800602007773705e-05
6.600313918170286e-05
5.022834739065729e-05
5.283122936816653e-05
9.779960964806378e-05
0.0001274743626709096
0.00010075589943880914
5.540941401704914e-05
3.788830872508697e-05
6.221513012860669e-05
9.731080081110122e-05
9.605127706890926e-05
7.512937190767843e-05
6.495257457572734e-05
5.878513638890581e-05
5.213314216234721e-05
4.3498554987309035e-05
4.2764239879033994e-05
6.442895573854912e-05
7.494699730159482e-05
5.818378303956707e-05
0.00014509913216897985
0.0004986757230653893
0.0009083487384486943
0.0011440934613347054
0.0016887325036805123
0.002795496431645006
0.003198270540451631
0.0022710894409101456
0.0013591146853286773
0.0009061629316420294
0.00047073560199351055
0.00022368857025867328
0.00018450099014444277
0.00018380463006906211
0.0001857600400398951
0.00022419159358832985
0.0003691977108246647
0.000754050663090311
0.002888156799599528
0.01391864931792952
0.035816183080896735
0.048471816815435886
0.03612868720665574
0.015189335623290392
0.004208876329357736
0.0011221638651477408
0.0002201934621552937
7.43267828511307e-05
7.253691728692502e-05
0.00014914498024154454
0.00022447005540016107
0.00017968016618397087
9.593113372829976e-05
6.684848813165445e-05
7.904709946160438e-05
9.373384818900377e-05
8.590817742515355e-05
9.781402695807628e-05
0.00014310886763269082
0.00016719735867809504
0.00017372751244693063
0.00020894049885100685
0.00023579149274155498
0.00020423551541171037
0.00014416333578992635
9.10098870008369e-05
4.796910434379243e-05
2.2975462798058288e-05
2.188709277106682e-05
3.193473503415589e-05
3.2083339192467974e-05
2.125907280969841e-05
1.7654628663876792e-05
2.6408542680655955e-05
3.492258974802098e-05
3.374384323251434e-05
3.149434087390546e-05
3.704324262798764e-05
4.22986022385885e-05
3.742574972420698e-05
2.704043890844332e-05
2.0397782009240473e-05
2.2848525986773893e-05
3.802298715527286e-05
7.085336346790427e-05
0.00010626380026224069
0.00010325644689146429
7.379887028946541e-05
6.959228812775109e-05
7.133131020964356e-05
4.4692786559608066e-05
1.8098145574185764e-05
1.0190052989855758e-05
8.122232543428254e-06
6.439578896788589e-06
5.73165425521438e-06
4.794191852397489e-06
2.9190877057772018e-06
3.0543448588105093e-06
8.955050248005136e-06
2.244014228836022e-05
4.437465668161167e-05
5.9349677940190304e-05
5.4691102377546486e-05
5.629179759125691e-05
0.00013108423354424303
0.000383050652089878
0.0006754862770321779
0.0006344955763779581
0.00035191765346098697
0.00021024093075538985
0.000189459362445632
0.0001506101034465246
0.00010355560516472906
7.647820348211098e-05
7.91569964349037e-05
8.789327876002062e-05
8.257197987404652e-05
9.168973338091746e-05
0.00011495394937810488
0.00011094985529780388
8.795582652965095e-05
7.196450678748079e-05
6.449897227867041e-05
5.3863576795265544e-05
4.3662394091370516e-05
4.843674378207652e-05
5.575560135184787e-05
5.974608029646333e-05
7.976912092999555e-05
0.00010798665789479855
0.00012210671957291197
0.00016067390788521152
0.0005381175906222779
0.0015558396771666594
0.002573732810560614
0.005928651837166399
0.019628373673185706
0.0737086096778512
0.16709995456039906
0.18759832344949245
0.09797493310179563
0.020205650420848546
0.0012854089153933048
5.544672575297228e-06
6.804209462529798e-07
4.1338141443247883e-07
3.027311876735439e-07
8.517831702192779e-07
3.0831244686169157e-06
6.844079678103299e-06
9.816909368964843e-06
1.1356883760527126e-05
1.9370856762179756e-05
4.2383638174214866e-05
7.119593647075817e-05
0.00011720348265953362
0.00020839550597884227
0.0003010530344909057
0.00026572778551781084
0.00011240776802878828
1.929696372826584e-05
1.3392098935582908e-05
3.799200294452021e-05
0.0001246854558303312
0.00025887136325764004
0.0002974173585243989
0.00019388775035622532
9.353365294373361e-05
6.26720593572827e-05
5.3107045459910296e-05
3.547227333910996e-05
1.5820052112758276e-05
6.050577894711751e-06
4.371382715362415e-06
6.182804781929008e-06
1.163739068488212e-05
2.2941168708712212e-05
3.853201678793994e-05
8.692908795637777e-05
0.0006684889858661335
0.0026459824839548673
0.003807492059422657
0.002085744574287674
0.0003763972054002807
0.0001094687577278819
0.00014353752339957282
0.0002209713711636141
0.0002613801734696608
0.0002275709448440466
0.0001623765601834748
0.0001390715260640718
0.00018833608919521794
0.00025826158162089996
0.0002772283405647613
0.0002928502653958276
0.0003262219106545672
0.00031722641142550856
0.00027038773987442255
0.00023493702610721812
0.00022444470232585445
0.0001888787046482321
0.00014388543422683142
0.0001460986641177442
0.00018931027079815976
0.0002335149620193988
0.00027109386428492144
0.00032386890961788595
0.00032637137701385655
0.0
