0.0
0.0
0.0
0.0
0.0
0.0
0.0
0.0
0.0
39.42064208182268
39.04831933437518
39.7851258703449
39.7851258703449
39.7851258703449
40.14209399107353
40.14209399107353
40.14209399107353
40.14209399107353
40.14209399107353
40.14209399107353
40.14209399107353
40.14209399107353
40.14209399107353
40.14209399107353
40.14209399107353
40.14209399107353
40.14209399107353
40.14209399107353
40.14209399107353
40.14209399107353
40.14209399107353
40.14209399107353
40.14209399107353
40.14209399107353
40.14209399107353
40.14209399107353
40.14209399107353
40.14209399107353
40.14209399107353
40.14209399107353
40.14209399107353
40.14209399107353
40.14209399107353
40.14209399107353
40.14209399107353
40.14209399107353
40.14209399107353
40.14209399107353
40.14209399107353
40.14209399107353
39.7851258703449
39.42064208182268
39.42064208182268
40.14209399107353
40.14209399107353
40.14209399107353
40.14209399107353
40.14209399107353
40.14209399107353
40.14209399107353
40.14209399107353
40.14209399107353
40.14209399107353
40.14209399107353
40.14209399107353
40.14209399107353
40.14209399107353
40.14209399107353
40.14209399107353
40.14209399107353
40.14209399107353
40.14209399107353
40.14209399107353
40.14209399107353
40.14209399107353
40.14209399107353
42.141892423986945
42.141892423986945
42.141892423986945
42.141892423986945
42.141892423986945
42.141892423986945
42.141892423986945
42.141892423986945
42.141892423986945
42.141892423986945
42.141892423986945
42.141892423986945
42.141892423986945
42.141892423986945
42.141892423986945
42.141892423986945
42.141892423986945
42.141892423986945
42.141892423986945
42.141892423986945
42.141892423986945
42.141892423986945
42.141892423986945
45.03398961803248
45.03398961803248
45.03398961803248
45.29830529399247
45.55864614718429
45.55864614718429
45.55864614718429
45.29830529399247
45.29830529399247
45.29830529399247
45.29830529399247
45.29830529399247
45.29830529399247
45.29830529399247
45.29830529399247
45.55864614718429
45.55864614718429
45.29830529399247
45.29830529399247
45.29830529399247
45.29830529399247
45.29830529399247
45.29830529399247
45.29830529399247
45.29830529399247
45.29830529399247
45.29830529399247
45.29830529399247
45.29830529399247
45.29830529399247
45.29830529399247
45.29830529399247
45.29830529399247
45.29830529399247
45.29830529399247
45.29830529399247
45.29830529399247
45.29830529399247
45.29830529399247
45.29830529399247
45.29830529399247
45.29830529399247
45.29830529399247
45.29830529399247
42.141892423986945
42.45383492638228
42.45383492638228
42.141892423986945
42.141892423986945
42.141892423986945
42.141892423986945
42.141892423986945
42.141892423986945
42.141892423986945
42.141892423986945
42.141892423986945
42.141892423986945
42.141892423986945
42.141892423986945
42.141892423986945
42.141892423986945
42.141892423986945
42.141892423986945
42.141892423986945
42.141892423986945
42.141892423986945
39.7851258703449
40.14209399107353
40.14209399107353
40.14209399107353
40.14209399107353
40.14209399107353
40.14209399107353
40.14209399107353
40.14209399107353
40.14209399107353
40.14209399107353
40.14209399107353
40.14209399107353
40.14209399107353
40.14209399107353
40.14209399107353
40.14209399107353
40.14209399107353
40.49185013898772
40.14209399107353
39.7851258703449
39.7851258703449
40.14209399107353
40.49185013898772
40.14209399107353
40.14209399107353
40.14209399107353
40.14209399107353
40.14209399107353
40.14209399107353
40.14209399107353
40.14209399107353
40.14209399107353
40.14209399107353
40.14209399107353
40.14209399107353
40.14209399107353
40.14209399107353
40.14209399107353
40.14209399107353
40.14209399107353
40.14209399107353
40.14209399107353
40.49185013898772
40.49185013898772
40.49185013898772
40.49185013898772
40.14209399107353
40.14209399107353
28.491850138987722
0.0
0.0
0.0
0.0
0.0
0.0
0.0
0.0
0.0
0.0
0.0
0.0
0.0
0.0
0.0
0.0
0.0
0.0
29.824225887652652
32.215931586333525
28.491850138987722
0.0
0.0
0.0
0.0
0.0
0.0
28.491850138987722
0.0
28.491850138987722
28.491850138987722
0.0
0.0
27.7851258703449
0.0
0.0
31.061347803221892
30.453834926382278
0.0
0.0
0.0
0.0
0.0
0.0
0.0
0.0
0.0
0.0
30.453834926382278
0.0
0.0
0.0
0.0
0.0
0.0
0.0
0.0
0.0
0.0
0.0
0.0
0.0
0.0
0.0
0.0
0.0
0.0
0.0
0.0
0.0
0.0
0.0
0.0
0.0
0.0
0.0
0.0
0.0
0.0
0.0
0.0
0.0
0.0
0.0
0.0
0.0
0.0
0.0
0.0
0.0
0.0
0.0
0.0
0.0
0.0
0.0
0.0
0.0
0.0
0.0
0.0
0.0
0.0
0.0
0.0
0.0
0.0
0.0
0.0
0.0
0.0
0.0
0.0
0.0
0.0
0.0
0.0
0.0
0.0
0.0
0.0
0.0
0.0
0.0
0.0
0.0
0.0
0.0
0.0
0.0
0.0
0.0
0.0
0.0
0.0
0.0
0.0
0.0
0.0
0.0
0.0
0.0
0.0
0.0
0.0
0.0
0.0
0.0
59.04347056825124
59.1616439997274
0.0
0.0
56.90030292677008
57.03398961803248
0.0
0.0
51.964529967936556
52.14209399107352
41.17085247938414
41.17085247938414
0.0
0.0
0.0
0.0
0.0
0.0
0.0
0.0
0.0
0.0
0.0
0.0
0.0
0.0
0.0
0.0
0.0
0.0
0.0
0.0
0.0
0.0
0.0
0.0
0.0
0.0
0.0
0.0
0.0
0.0
0.0
0.0
0.0
0.0
0.0
0.0
0.0
0.0
0.0
0.0
0.0
0.0
0.0
0.0
0.0
0.0
0.0
0.0
0.0
0.0
0.0
0.0
0.0
0.0
0.0
0.0
0.0
0.0
0.0
0.0
0.0
0.0
0.0
0.0
0.0
0.0
0.0
0.0
0.0
0.0
0.0
0.0
0.0
0.0
0.0
0.0
0.0
0.0
0.0
0.0
0.0
0.0
0.0
0.0
0.0
0.0
0.0
0.0
0.0
0.0
0.0
0.0
0.0
0.0
0.0
0.0
0.0
0.0
0.0
0.0
0.0
0.0
0.0
0.0
0.0
0.0
0.0
0.0
0.0
0.0
0.0
0.0
0.0
0.0
40.14209399107353
0.0
40.14209399107353
40.14209399107353
0.0
0.0
0.0
40.49185013898772
0.0
49.26604903785413
49.26604903785413
48.843775896306525
60.95031371246395
49.05619991710803
49.26604903785413
49.26604903785413
49.26604903785413
40.14209399107353
32.765575861691026
41.82422588765265
28.491850138987722
28.491850138987722
29.17085247938413
32.765575861691026
48.843775896306525
32.765575861691026
41.82422588765265
0.0
41.82422588765265
41.82422588765265
41.82422588765265
0.0
30.453834926382278
30.453834926382278
30.453834926382278
30.453834926382278
30.453834926382278
42.45383492638228
0.0
0.0
0.0
0.0
0.0
0.0
0.0
0.0
0.0
0.0
0.0
30.453834926382278
0.0
0.0
0.0
0.0
0.0
0.0
0.0
0.0
0.0
0.0
0.0
0.0
0.0
0.0
0.0
0.0
0.0
0.0
0.0
0.0
0.0
0.0
31.648263008993247
31.648263008993247
0.0
0.0
31.061347803221892
0.0
43.35729245403312
43.35729245403312
43.35729245403312
43.35729245403312
43.35729245403312
43.35729245403312
31.061347803221892
43.35729245403312
31.648263008993247
31.648263008993247
31.061347803221892
0.0
0.0
0.0
0.0
0.0
0.0
0.0
0.0
31.061347803221892
0.0
0.0
0.0
0.0
0.0
0.0
0.0
0.0
0.0
0.0
0.0
0.0
0.0
0.0
0.0
0.0
0.0
0.0
0.0
0.0
0.0
0.0
0.0
0.0
33.29830529399247
34.316972065030626
34.316972065030626
33.29830529399247
33.29830529399247
33.29830529399247
33.29830529399247
33.29830529399247
33.29830529399247
33.29830529399247
45.29830529399247
33.29830529399247
33.29830529399247
33.29830529399247
59.04347056825124
59.04347056825124
0.0
59.1616439997274
59.1616439997274
59.04347056825124
59.04347056825124
59.04347056825124
59.04347056825124
59.04347056825124
59.04347056825124
59.04347056825124
59.04347056825124
59.04347056825124
51.964529967936556
51.964529967936556
51.964529967936556
45.03398961803248
59.04347056825124
33.29830529399247
0.0
0.0
0.0
45.03398961803248
33.29830529399247
27.04831933437518
27.04831933437518
29.17085247938413
27.04831933437518
27.04831933437518
27.04831933437518
27.04831933437518
27.04831933437518
27.04831933437518
27.04831933437518
27.04831933437518
27.7851258703449
28.491850138987722
28.491850138987722
28.491850138987722
28.491850138987722
28.491850138987722
28.491850138987722
28.491850138987722
28.491850138987722
28.491850138987722
28.491850138987722
28.491850138987722
28.491850138987722
27.7851258703449
27.7851258703449
27.7851258703449
27.7851258703449
27.7851258703449
27.04831933437518
27.04831933437518
27.7851258703449
27.7851258703449
27.7851258703449
27.7851258703449
27.7851258703449
27.7851258703449
27.7851258703449
27.7851258703449
27.7851258703449
27.7851258703449
27.7851258703449
27.7851258703449
27.7851258703449
27.7851258703449
27.7851258703449
27.7851258703449
27.7851258703449
27.7851258703449
27.7851258703449
27.7851258703449
27.7851258703449
27.7851258703449
27.7851258703449
27.7851258703449
27.7851258703449
27.7851258703449
27.7851258703449
27.7851258703449
27.7851258703449
27.7851258703449
27.7851258703449
27.7851258703449
27.7851258703449
27.7851258703449
27.04831933437518
27.04831933437518
27.04831933437518
26.27875528533859
26.27875528533859
26.27875528533859
27.04831933437518
27.7851258703449
28.491850138987722
27.7851258703449
27.7851258703449
27.7851258703449
27.7851258703449
27.7851258703449
27.7851258703449
27.7851258703449
27.7851258703449
27.7851258703449
27.7851258703449
27.7851258703449
27.7851258703449
27.7851258703449
27.7851258703449
27.7851258703449
27.04831933437518
27.04831933437518
27.04831933437518
27.04831933437518
27.04831933437518
27.04831933437518
27.04831933437518
27.04831933437518
27.7851258703449
27.7851258703449
27.7851258703449
28.491850138987722
28.491850138987722
28.491850138987722
29.17085247938413
29.17085247938413
29.17085247938413
29.824225887652652
30.453834926382278
30.453834926382278
30.453834926382278
30.453834926382278
30.453834926382278
30.453834926382278
30.453834926382278
31.061347803221892
30.453834926382278
30.453834926382278
30.453834926382278
30.453834926382278
30.453834926382278
30.453834926382278
30.453834926382278
30.453834926382278
30.453834926382278
30.453834926382278
30.453834926382278
30.453834926382278
30.453834926382278
30.453834926382278
30.453834926382278
30.453834926382278
30.453834926382278
30.453834926382278
30.453834926382278
29.824225887652652
30.453834926382278
30.453834926382278
31.061347803221892
31.061347803221892
31.061347803221892
31.061347803221892
31.061347803221892
31.061347803221892
34.80467587899877
35.279016249238424
34.80467587899877
34.316972065030626
34.316972065030626
33.8151299566951
33.8151299566951
33.8151299566951
33.8151299566951
33.8151299566951
33.8151299566951
33.8151299566951
33.8151299566951
33.8151299566951
33.8151299566951
33.8151299566951
33.8151299566951
33.8151299566951
33.8151299566951
33.8151299566951
33.8151299566951
33.8151299566951
33.29830529399247
33.29830529399247
33.29830529399247
33.29830529399247
33.29830529399247
32.765575861691026
33.29830529399247
33.29830529399247
33.29830529399247
33.29830529399247
33.29830529399247
33.8151299566951
33.8151299566951
33.29830529399247
33.29830529399247
33.29830529399247
33.29830529399247
33.29830529399247
33.29830529399247
33.29830529399247
33.8151299566951
33.8151299566951
33.8151299566951
33.8151299566951
33.8151299566951
33.8151299566951
33.8151299566951
33.8151299566951
32.765575861691026
33.29830529399247
33.29830529399247
33.29830529399247
33.29830529399247
32.765575861691026
32.215931586333525
31.061347803221892
29.824225887652652
29.17085247938413
28.491850138987722
28.491850138987722
28.491850138987722
29.17085247938413
29.17085247938413
29.17085247938413
29.17085247938413
29.17085247938413
29.824225887652652
29.824225887652652
29.824225887652652
29.824225887652652
29.824225887652652
29.824225887652652
29.824225887652652
29.17085247938413
29.17085247938413
29.17085247938413
29.17085247938413
29.17085247938413
29.17085247938413
29.824225887652652
29.824225887652652
29.824225887652652
29.824225887652652
29.824225887652652
29.824225887652652
29.824225887652652
29.824225887652652
29.824225887652652
29.17085247938413
29.824225887652652
29.824225887652652
29.824225887652652
29.824225887652652
48.628713000339374
29.17085247938413
29.824225887652652
27.04831933437518
27.04831933437518
27.04831933437518
27.04831933437518
27.04831933437518
27.04831933437518
27.04831933437518
27.04831933437518
27.7851258703449
27.7851258703449
27.7851258703449
27.7851258703449
27.7851258703449
27.7851258703449
27.7851258703449
27.7851258703449
27.04831933437518
27.04831933437518
27.04831933437518
27.04831933437518
27.04831933437518
27.04831933437518
27.04831933437518
27.04831933437518
27.04831933437518
27.04831933437518
27.04831933437518
27.04831933437518
27.7851258703449
26.27875528533859
26.27875528533859
19.648263008993254
27.7851258703449
27.7851258703449
27.04831933437518
27.04831933437518
27.04831933437518
27.04831933437518
27.7851258703449
27.7851258703449
27.7851258703449
27.7851258703449
27.7851258703449
27.7851258703449
27.7851258703449
27.7851258703449
27.7851258703449
27.7851258703449
27.7851258703449
27.7851258703449
27.7851258703449
27.04831933437518
27.04831933437518
27.04831933437518
27.7851258703449
27.7851258703449
27.7851258703449
27.7851258703449
27.7851258703449
27.7851258703449
27.7851258703449
27.7851258703449
27.7851258703449
27.7851258703449
27.7851258703449
27.7851258703449
27.7851258703449
27.7851258703449
27.7851258703449
27.7851258703449
27.7851258703449
27.7851258703449
27.7851258703449
27.7851258703449
27.7851258703449
27.7851258703449
27.7851258703449
27.7851258703449
27.7851258703449
27.7851258703449
27.7851258703449
27.7851258703449
27.7851258703449
27.7851258703449
27.7851258703449
27.7851258703449
27.7851258703449
27.7851258703449
27.7851258703449
27.7851258703449
27.7851258703449
27.7851258703449
27.7851258703449
27.7851258703449
27.7851258703449
27.7851258703449
27.7851258703449
27.7851258703449
27.7851258703449
27.7851258703449
27.7851258703449
27.7851258703449
27.7851258703449
27.7851258703449
27.7851258703449
27.7851258703449
27.7851258703449
27.7851258703449
27.7851258703449
27.7851258703449
27.7851258703449
27.7851258703449
27.7851258703449
27.7851258703449
27.7851258703449
27.7851258703449
27.7851258703449
27.7851258703449
27.7851258703449
27.7851258703449
27.7851258703449
27.7851258703449
27.7851258703449
27.7851258703449
27.7851258703449
27.7851258703449
27.7851258703449
27.7851258703449
27.7851258703449
27.7851258703449
27.7851258703449
27.7851258703449
27.7851258703449
27.7851258703449
27.7851258703449
27.7851258703449
27.7851258703449
27.7851258703449
27.7851258703449
27.7851258703449
27.7851258703449
27.7851258703449
27.7851258703449
27.7851258703449
27.7851258703449
27.7851258703449
27.7851258703449
27.04831933437518
27.04831933437518
27.7851258703449
27.7851258703449
27.7851258703449
27.7851258703449
27.7851258703449
27.7851258703449
27.7851258703449
27.7851258703449
27.7851258703449
27.7851258703449
27.7851258703449
27.7851258703449
27.7851258703449
27.7851258703449
27.7851258703449
27.7851258703449
27.7851258703449
27.7851258703449
27.7851258703449
27.7851258703449
27.7851258703449
27.7851258703449
27.7851258703449
27.7851258703449
27.7851258703449
27.7851258703449
27.7851258703449
27.7851258703449
27.7851258703449
27.7851258703449
27.7851258703449
27.7851258703449
27.7851258703449
27.7851258703449
27.7851258703449
27.7851258703449
28.491850138987722
27.7851258703449
27.7851258703449
27.7851258703449
27.7851258703449
27.7851258703449
27.7851258703449
27.7851258703449
27.7851258703449
27.7851258703449
27.7851258703449
27.7851258703449
27.7851258703449
27.7851258703449
27.7851258703449
27.7851258703449
27.7851258703449
27.7851258703449
27.7851258703449
27.7851258703449
27.7851258703449
27.7851258703449
27.7851258703449
27.7851258703449
27.7851258703449
27.7851258703449
27.7851258703449
27.04831933437518
27.04831933437518
27.04831933437518
27.04831933437518
0.0
0.0
0.0
0.0
0.0
0.0
0.0
0.0
0.0
0.0
0.0
0.0
0.0
0.0
0.0
0.0
0.0
0.0
0.0
0.0
0.0
0.0
0.0
0.0
0.0
0.0
0.0
0.0
0.0
0.0
0.0
0.0
0.0
0.0
0.0
0.0
0.0
0.0
0.0
0.0
0.0
0.0
0.0
0.0
0.0
0.0
0.0
0.0
0.0
0.0
0.0
27.04831933437518
29.824225887652652
27.7851258703449
27.04831933437518
27.04831933437518
27.04831933437518
27.04831933437518
27.04831933437518
27.04831933437518
27.04831933437518
27.04831933437518
27.04831933437518
27.04831933437518
27.04831933437518
27.04831933437518
27.04831933437518
27.04831933437518
27.04831933437518
27.04831933437518
27.04831933437518
27.04831933437518
27.04831933437518
27.04831933437518
27.04831933437518
27.7851258703449
27.7851258703449
27.7851258703449
27.04831933437518
27.04831933437518
27.04831933437518
27.04831933437518
27.04831933437518
27.04831933437518
27.04831933437518
27.04831933437518
27.04831933437518
27.04831933437518
27.04831933437518
27.04831933437518
27.04831933437518
27.04831933437518
27.7851258703449
27.7851258703449
27.7851258703449
27.7851258703449
27.7851258703449
27.7851258703449
27.7851258703449
27.7851258703449
27.7851258703449
27.04831933437518
27.04831933437518
27.04831933437518
26.27875528533859
26.27875528533859
23.74070602301405
15.7851258703449
15.7851258703449
29.17085247938413
27.7851258703449
27.7851258703449
27.04831933437518
27.04831933437518
27.04831933437518
27.04831933437518
27.04831933437518
27.7851258703449
27.7851258703449
27.7851258703449
27.7851258703449
27.7851258703449
27.7851258703449
27.7851258703449
27.7851258703449
27.7851258703449
27.04831933437518
27.04831933437518
27.04831933437518
27.04831933437518
27.04831933437518
27.04831933437518
27.7851258703449
27.7851258703449
27.7851258703449
28.491850138987722
28.491850138987722
29.17085247938413
29.17085247938413
29.824225887652652
30.453834926382278
30.453834926382278
29.824225887652652
29.824225887652652
29.824225887652652
29.824225887652652
30.453834926382278
30.453834926382278
29.824225887652652
29.824225887652652
29.824225887652652
30.453834926382278
30.453834926382278
30.453834926382278
30.453834926382278
30.453834926382278
30.453834926382278
30.453834926382278
30.453834926382278
30.453834926382278
30.453834926382278
30.453834926382278
30.453834926382278
30.453834926382278
30.453834926382278
31.061347803221892
30.453834926382278
29.824225887652652
30.453834926382278
31.061347803221892
31.061347803221892
30.453834926382278
30.453834926382278
0.0
0.0
0.0
29.17085247938413
35.279016249238424
34.80467587899877
34.316972065030626
33.8151299566951
33.8151299566951
33.29830529399247
33.29830529399247
33.29830529399247
33.29830529399247
33.29830529399247
33.8151299566951
33.8151299566951
33.8151299566951
33.8151299566951
33.8151299566951
33.8151299566951
33.8151299566951
33.8151299566951
33.29830529399247
33.29830529399247
33.29830529399247
33.29830529399247
33.29830529399247
33.8151299566951
33.8151299566951
33.8151299566951
33.8151299566951
33.29830529399247
33.29830529399247
33.29830529399247
33.29830529399247
32.765575861691026
33.29830529399247
33.29830529399247
33.29830529399247
33.29830529399247
33.29830529399247
33.29830529399247
33.29830529399247
33.8151299566951
33.8151299566951
33.8151299566951
33.29830529399247
33.8151299566951
33.29830529399247
33.29830529399247
33.29830529399247
33.29830529399247
33.29830529399247
33.29830529399247
33.29830529399247
32.765575861691026
31.648263008993247
31.648263008993247
31.061347803221892
31.648263008993247
29.824225887652652
29.17085247938413
28.491850138987722
28.491850138987722
29.17085247938413
29.17085247938413
29.17085247938413
29.17085247938413
29.17085247938413
29.17085247938413
29.17085247938413
29.17085247938413
29.824225887652652
29.824225887652652
29.824225887652652
29.824225887652652
29.824225887652652
29.824225887652652
29.824225887652652
29.824225887652652
29.824225887652652
29.824225887652652
29.824225887652652
29.824225887652652
29.824225887652652
29.824225887652652
29.824225887652652
29.824225887652652
29.17085247938413
28.491850138987722
27.7851258703449
27.7851258703449
29.17085247938413
29.17085247938413
29.824225887652652
29.824225887652652
28.491850138987722
27.7851258703449
27.7851258703449
27.7851258703449
27.7851258703449
27.04831933437518
27.04831933437518
27.04831933437518
27.04831933437518
27.04831933437518
27.04831933437518
27.7851258703449
27.7851258703449
27.7851258703449
27.7851258703449
27.7851258703449
27.7851258703449
27.7851258703449
27.7851258703449
27.7851258703449
27.7851258703449
27.7851258703449
27.7851258703449
27.7851258703449
27.04831933437518
27.04831933437518
27.04831933437518
27.04831933437518
27.04831933437518
27.7851258703449
27.7851258703449
20.765575861691026
29.824225887652652
28.491850138987722
27.7851258703449
27.7851258703449
27.7851258703449
27.7851258703449
27.7851258703449
27.7851258703449
27.7851258703449
27.7851258703449
27.7851258703449
27.7851258703449
27.7851258703449
27.7851258703449
27.7851258703449
27.7851258703449
27.7851258703449
27.7851258703449
27.7851258703449
27.7851258703449
27.7851258703449
27.7851258703449
27.7851258703449
27.7851258703449
27.7851258703449
27.7851258703449
27.7851258703449
27.7851258703449
27.7851258703449
27.7851258703449
27.7851258703449
27.7851258703449
27.7851258703449
27.7851258703449
27.7851258703449
27.7851258703449
27.7851258703449
27.7851258703449
27.7851258703449
27.7851258703449
27.7851258703449
27.7851258703449
27.7851258703449
27.7851258703449
27.7851258703449
27.7851258703449
27.7851258703449
27.7851258703449
27.7851258703449
27.7851258703449
27.7851258703449
27.7851258703449
27.7851258703449
27.7851258703449
27.7851258703449
27.7851258703449
27.04831933437518
27.04831933437518
27.04831933437518
27.04831933437518
27.7851258703449
27.7851258703449
27.7851258703449
27.7851258703449
27.7851258703449
27.7851258703449
27.7851258703449
27.7851258703449
27.7851258703449
27.7851258703449
27.7851258703449
27.7851258703449
27.7851258703449
27.7851258703449
27.7851258703449
27.7851258703449
27.7851258703449
27.7851258703449
27.7851258703449
27.7851258703449
27.7851258703449
27.7851258703449
27.7851258703449
27.7851258703449
27.7851258703449
27.7851258703449
27.7851258703449
27.7851258703449
27.7851258703449
27.7851258703449
27.7851258703449
27.7851258703449
27.7851258703449
27.7851258703449
27.7851258703449
27.7851258703449
27.7851258703449
27.7851258703449
27.7851258703449
27.7851258703449
27.7851258703449
27.7851258703449
27.7851258703449
27.7851258703449
27.7851258703449
27.7851258703449
27.7851258703449
27.7851258703449
27.7851258703449
27.7851258703449
27.7851258703449
27.7851258703449
27.7851258703449
27.7851258703449
27.7851258703449
27.7851258703449
27.7851258703449
27.7851258703449
27.7851258703449
27.7851258703449
27.7851258703449
27.7851258703449
27.7851258703449
27.7851258703449
27.7851258703449
27.7851258703449
27.7851258703449
27.7851258703449
27.7851258703449
27.7851258703449
27.7851258703449
27.7851258703449
27.7851258703449
27.7851258703449
27.7851258703449
27.7851258703449
27.7851258703449
27.7851258703449
27.7851258703449
27.7851258703449
27.7851258703449
27.7851258703449
27.7851258703449
27.7851258703449
27.7851258703449
27.7851258703449
27.7851258703449
27.7851258703449
27.7851258703449
27.7851258703449
27.7851258703449
27.7851258703449
27.7851258703449
27.7851258703449
27.7851258703449
27.7851258703449
27.7851258703449
27.7851258703449
27.7851258703449
27.7851258703449
27.7851258703449
27.7851258703449
27.7851258703449
27.7851258703449
27.7851258703449
27.7851258703449
27.7851258703449
27.04831933437518
27.04831933437518
27.04831933437518
27.04831933437518
27.7851258703449
0.0
0.0
0.0
0.0
0.0
0.0
0.0
0.0
0.0
0.0
0.0
0.0
0.0
0.0
0.0
0.0
0.0
0.0
0.0
0.0
0.0
0.0
0.0
0.0
0.0
0.0
0.0
0.0
0.0
0.0
0.0
0.0
0.0
0.0
0.0
0.0
0.0
0.0
0.0
0.0
0.0
0.0
0.0
0.0
0.0
0.0
0.0
0.0
0.0
0.0
0.0
0.0
0.0
0.0
0.0
0.0
0.0
27.04831933437518
14.27875528533859
19.648263008993254
28.491850138987722
27.7851258703449
27.7851258703449
27.7851258703449
27.7851258703449
27.7851258703449
27.7851258703449
27.7851258703449
27.7851258703449
27.7851258703449
27.7851258703449
27.7851258703449
27.7851258703449
27.7851258703449
27.7851258703449
27.7851258703449
27.7851258703449
27.7851258703449
27.7851258703449
27.7851258703449
27.7851258703449
27.04831933437518
27.04831933437518
27.04831933437518
27.04831933437518
27.7851258703449
27.7851258703449
27.7851258703449
27.7851258703449
27.7851258703449
27.7851258703449
27.7851258703449
27.7851258703449
27.7851258703449
27.7851258703449
27.7851258703449
27.7851258703449
27.7851258703449
27.7851258703449
27.7851258703449
27.7851258703449
27.7851258703449
27.7851258703449
27.7851258703449
27.7851258703449
27.7851258703449
27.7851258703449
27.7851258703449
27.7851258703449
27.7851258703449
27.7851258703449
27.7851258703449
27.7851258703449
27.7851258703449
27.7851258703449
27.7851258703449
27.7851258703449
27.7851258703449
27.7851258703449
27.04831933437518
27.04831933437518
27.04831933437518
27.04831933437518
27.04831933437518
27.04831933437518
27.04831933437518
27.04831933437518
27.04831933437518
27.7851258703449
27.7851258703449
27.7851258703449
27.7851258703449
27.7851258703449
27.7851258703449
28.491850138987722
28.491850138987722
28.491850138987722
28.491850138987722
29.824225887652652
30.453834926382278
30.453834926382278
31.061347803221892
31.648263008993247
31.648263008993247
31.648263008993247
31.648263008993247
31.061347803221892
31.061347803221892
31.061347803221892
31.061347803221892
31.061347803221892
31.061347803221892
31.061347803221892
31.061347803221892
31.061347803221892
31.061347803221892
31.061347803221892
31.061347803221892
31.061347803221892
31.061347803221892
31.061347803221892
31.061347803221892
31.061347803221892
29.824225887652652
29.824225887652652
29.824225887652652
31.061347803221892
0.0
31.648263008993247
31.061347803221892
31.061347803221892
50.474377033287794
21.815129956695102
35.279016249238424
34.80467587899877
34.80467587899877
34.316972065030626
34.316972065030626
34.316972065030626
34.316972065030626
34.316972065030626
34.316972065030626
34.316972065030626
34.316972065030626
34.316972065030626
33.8151299566951
33.8151299566951
33.8151299566951
33.8151299566951
33.8151299566951
33.8151299566951
33.8151299566951
33.8151299566951
33.8151299566951
33.8151299566951
33.8151299566951
33.8151299566951
33.8151299566951
33.8151299566951
33.8151299566951
33.8151299566951
33.8151299566951
33.8151299566951
33.8151299566951
33.8151299566951
33.8151299566951
34.316972065030626
34.316972065030626
34.316972065030626
34.316972065030626
34.316972065030626
34.316972065030626
34.316972065030626
34.316972065030626
34.316972065030626
34.316972065030626
33.8151299566951
33.8151299566951
33.8151299566951
33.8151299566951
33.8151299566951
33.8151299566951
33.8151299566951
33.8151299566951
33.8151299566951
34.316972065030626
34.316972065030626
34.316972065030626
34.316972065030626
34.316972065030626
34.316972065030626
33.8151299566951
33.8151299566951
33.8151299566951
33.8151299566951
33.8151299566951
33.8151299566951
34.316972065030626
34.316972065030626
34.316972065030626
34.316972065030626
34.316972065030626
34.316972065030626
34.316972065030626
33.8151299566951
34.316972065030626
34.316972065030626
34.316972065030626
34.316972065030626
34.316972065030626
34.316972065030626
34.316972065030626
34.316972065030626
34.316972065030626
34.316972065030626
34.316972065030626
0.0
0.0
0.0
0.0
0.0
0.0
0.0
0.0
0.0
0.0
0.0
0.0
0.0
0.0
0.0
0.0
0.0
0.0
0.0
0.0
0.0
0.0
0.0
0.0
0.0
0.0
0.0
0.0
34.80467587899877
35.279016249238424
35.279016249238424
34.80467587899877
34.316972065030626
34.316972065030626
34.316972065030626
33.8151299566951
33.8151299566951
33.8151299566951
33.8151299566951
33.8151299566951
34.316972065030626
34.316972065030626
34.316972065030626
34.316972065030626
34.316972065030626
34.316972065030626
34.316972065030626
34.316972065030626
34.316972065030626
34.316972065030626
33.8151299566951
33.8151299566951
33.8151299566951
33.8151299566951
33.8151299566951
33.8151299566951
33.8151299566951
33.8151299566951
34.316972065030626
34.316972065030626
34.316972065030626
34.316972065030626
34.316972065030626
34.316972065030626
33.8151299566951
33.8151299566951
33.8151299566951
33.8151299566951
33.8151299566951
33.8151299566951
34.316972065030626
34.316972065030626
34.316972065030626
34.316972065030626
34.316972065030626
33.8151299566951
33.8151299566951
33.8151299566951
33.29830529399247
31.648263008993247
30.453834926382278
32.215931586333525
22.80467587899878
29.17085247938413
29.17085247938413
29.17085247938413
29.17085247938413
29.17085247938413
29.824225887652652
29.824225887652652
29.824225887652652
29.824225887652652
29.824225887652652
29.824225887652652
29.824225887652652
30.453834926382278
30.453834926382278
30.453834926382278
30.453834926382278
30.453834926382278
30.453834926382278
30.453834926382278
30.453834926382278
30.453834926382278
30.453834926382278
30.453834926382278
31.061347803221892
30.453834926382278
53.824225887652645
30.453834926382278
0.0
53.824225887652645
53.824225887652645
30.453834926382278
33.8151299566951
33.8151299566951
33.8151299566951
33.29830529399247
33.29830529399247
33.29830529399247
33.29830529399247
33.29830529399247
33.29830529399247
33.29830529399247
33.29830529399247
33.29830529399247
33.29830529399247
33.29830529399247
33.8151299566951
33.8151299566951
33.8151299566951
33.8151299566951
33.8151299566951
33.8151299566951
33.8151299566951
33.8151299566951
33.8151299566951
34.80467587899877
52.14209399107352
32.765575861691026
32.765575861691026
34.80467587899877
33.29830529399247
0.0
0.0
23.74070602301405
36.628713000339374
36.190402488038
36.190402488038
35.740706023014056
35.740706023014056
35.740706023014056
35.740706023014056
35.740706023014056
35.740706023014056
35.740706023014056
35.740706023014056
35.740706023014056
35.740706023014056
35.740706023014056
35.740706023014056
35.740706023014056
35.740706023014056
35.740706023014056
35.740706023014056
35.740706023014056
35.740706023014056
36.190402488038
36.190402488038
36.190402488038
36.190402488038
36.190402488038
36.190402488038
36.190402488038
36.190402488038
36.190402488038
35.740706023014056
35.740706023014056
35.740706023014056
36.190402488038
36.190402488038
36.190402488038
36.190402488038
36.190402488038
36.190402488038
36.190402488038
36.190402488038
36.190402488038
35.740706023014056
35.740706023014056
35.740706023014056
35.740706023014056
35.740706023014056
35.740706023014056
35.740706023014056
35.740706023014056
35.740706023014056
35.740706023014056
36.190402488038
36.190402488038
36.628713000339374
36.628713000339374
36.190402488038
36.190402488038
36.190402488038
35.740706023014056
35.740706023014056
35.740706023014056
35.740706023014056
35.740706023014056
35.279016249238424
35.279016249238424
35.279016249238424
34.80467587899877
34.80467587899877
34.80467587899877
33.29830529399247
36.628713000339374
35.279016249238424
35.279016249238424
35.279016249238424
34.316972065030626
33.8151299566951
0.0
0.0
35.740706023014056
40.49185013898772
0.0
0.0
0.0
0.0
0.0
0.0
0.0
0.0
0.0
0.0
0.0
0.0
0.0
0.0
0.0
0.0
0.0
0.0
0.0
0.0
64.05353962668636
0.0
58.684031903031695
0.0
0.0
0.0
36.190402488038
37.47338493503615
37.05619991710803
36.628713000339374
36.190402488038
36.190402488038
36.190402488038
36.190402488038
35.740706023014056
35.740706023014056
35.740706023014056
35.740706023014056
35.740706023014056
35.740706023014056
35.740706023014056
36.190402488038
36.190402488038
36.190402488038
36.190402488038
36.190402488038
36.190402488038
36.190402488038
36.190402488038
36.190402488038
36.190402488038
36.190402488038
36.190402488038
36.190402488038
36.190402488038
36.190402488038
36.190402488038
36.190402488038
36.190402488038
36.190402488038
36.190402488038
36.190402488038
36.190402488038
36.190402488038
36.190402488038
36.190402488038
36.190402488038
36.190402488038
36.190402488038
36.190402488038
36.190402488038
36.190402488038
36.190402488038
36.190402488038
35.740706023014056
35.740706023014056
35.740706023014056
35.740706023014056
35.740706023014056
35.740706023014056
36.190402488038
36.190402488038
36.190402488038
36.190402488038
36.190402488038
36.190402488038
36.190402488038
36.628713000339374
36.190402488038
36.190402488038
36.190402488038
35.740706023014056
36.190402488038
36.190402488038
36.190402488038
36.190402488038
36.190402488038
35.740706023014056
35.740706023014056
35.740706023014056
35.740706023014056
35.279016249238424
34.80467587899877
34.316972065030626
33.8151299566951
33.8151299566951
21.815129956695102
0.0
14.27875528533859
15.7851258703449
15.7851258703449
29.824225887652652
30.453834926382278
30.453834926382278
30.453834926382278
30.453834926382278
30.453834926382278
30.453834926382278
30.453834926382278
30.453834926382278
30.453834926382278
30.453834926382278
30.453834926382278
31.061347803221892
31.061347803221892
31.061347803221892
31.061347803221892
30.453834926382278
30.453834926382278
31.061347803221892
31.061347803221892
31.061347803221892
31.061347803221892
31.061347803221892
31.061347803221892
31.061347803221892
31.648263008993247
31.648263008993247
31.061347803221892
31.061347803221892
0.0
0.0
0.0
0.0
0.0
50.474377033287794
34.80467587899877
34.80467587899877
34.316972065030626
34.316972065030626
34.316972065030626
34.316972065030626
34.316972065030626
33.8151299566951
33.8151299566951
33.8151299566951
33.8151299566951
33.8151299566951
33.8151299566951
33.8151299566951
33.8151299566951
33.8151299566951
33.8151299566951
33.8151299566951
33.8151299566951
33.8151299566951
33.8151299566951
34.316972065030626
34.316972065030626
34.316972065030626
34.316972065030626
34.316972065030626
34.316972065030626
34.316972065030626
34.316972065030626
34.316972065030626
34.316972065030626
34.316972065030626
34.316972065030626
34.316972065030626
33.8151299566951
33.8151299566951
34.316972065030626
34.316972065030626
34.316972065030626
34.316972065030626
34.316972065030626
34.316972065030626
33.8151299566951
33.8151299566951
34.316972065030626
34.316972065030626
33.8151299566951
33.8151299566951
34.316972065030626
34.316972065030626
34.316972065030626
34.316972065030626
34.80467587899877
15.7851258703449
30.453834926382278
30.453834926382278
31.061347803221892
31.061347803221892
30.453834926382278
30.453834926382278
30.453834926382278
29.824225887652652
30.453834926382278
30.453834926382278
30.453834926382278
30.453834926382278
31.061347803221892
31.061347803221892
30.453834926382278
30.453834926382278
30.453834926382278
30.453834926382278
30.453834926382278
30.453834926382278
30.453834926382278
29.824225887652652
29.824225887652652
29.824225887652652
29.824225887652652
29.824225887652652
29.824225887652652
29.824225887652652
29.824225887652652
36.628713000339374
37.05619991710803
31.061347803221892
28.491850138987722
27.7851258703449
27.7851258703449
27.7851258703449
27.7851258703449
27.7851258703449
27.7851258703449
27.7851258703449
28.491850138987722
28.491850138987722
28.491850138987722
29.17085247938413
28.491850138987722
28.491850138987722
28.491850138987722
28.491850138987722
28.491850138987722
28.491850138987722
27.7851258703449
27.7851258703449
27.04831933437518
27.04831933437518
27.04831933437518
27.7851258703449
27.7851258703449
26.27875528533859
37.8807529181162
27.04831933437518
29.17085247938413
29.17085247938413
28.491850138987722
28.491850138987722
27.7851258703449
27.7851258703449
27.7851258703449
27.7851258703449
27.7851258703449
27.7851258703449
27.7851258703449
27.7851258703449
27.7851258703449
28.491850138987722
28.491850138987722
28.491850138987722
28.491850138987722
28.491850138987722
28.491850138987722
27.7851258703449
27.7851258703449
27.7851258703449
27.7851258703449
27.7851258703449
27.7851258703449
27.7851258703449
27.7851258703449
27.7851258703449
27.7851258703449
27.7851258703449
28.491850138987722
28.491850138987722
28.491850138987722
28.491850138987722
28.491850138987722
28.491850138987722
28.491850138987722
28.491850138987722
28.491850138987722
28.491850138987722
28.491850138987722
28.491850138987722
28.491850138987722
28.491850138987722
28.491850138987722
28.491850138987722
28.491850138987722
28.491850138987722
28.491850138987722
28.491850138987722
28.491850138987722
28.491850138987722
28.491850138987722
28.491850138987722
28.491850138987722
28.491850138987722
28.491850138987722
28.491850138987722
28.491850138987722
28.491850138987722
28.491850138987722
28.491850138987722
28.491850138987722
28.491850138987722
28.491850138987722
28.491850138987722
28.491850138987722
28.491850138987722
28.491850138987722
28.491850138987722
28.491850138987722
28.491850138987722
28.491850138987722
28.491850138987722
28.491850138987722
28.491850138987722
28.491850138987722
28.491850138987722
28.491850138987722
28.491850138987722
28.491850138987722
28.491850138987722
28.491850138987722
28.491850138987722
28.491850138987722
28.491850138987722
28.491850138987722
28.491850138987722
28.491850138987722
28.491850138987722
28.491850138987722
28.491850138987722
28.491850138987722
28.491850138987722
28.491850138987722
28.491850138987722
28.491850138987722
28.491850138987722
28.491850138987722
28.491850138987722
28.491850138987722
28.491850138987722
28.491850138987722
27.7851258703449
27.7851258703449
27.7851258703449
27.7851258703449
27.7851258703449
27.7851258703449
27.7851258703449
28.491850138987722
27.7851258703449
27.7851258703449
28.491850138987722
28.491850138987722
28.491850138987722
28.491850138987722
28.491850138987722
28.491850138987722
28.491850138987722
28.491850138987722
28.491850138987722
28.491850138987722
27.7851258703449
27.7851258703449
27.7851258703449
27.7851258703449
28.491850138987722
28.491850138987722
28.491850138987722
28.491850138987722
28.491850138987722
28.491850138987722
28.491850138987722
28.491850138987722
28.491850138987722
28.491850138987722
27.7851258703449
27.7851258703449
27.7851258703449
28.491850138987722
27.7851258703449
28.491850138987722
0.0
0.0
0.0
0.0
0.0
0.0
0.0
0.0
0.0
0.0
0.0
0.0
0.0
0.0
0.0
0.0
0.0
0.0
0.0
0.0
0.0
0.0
0.0
0.0
0.0
0.0
0.0
0.0
0.0
0.0
0.0
0.0
0.0
39.42064208182268
39.04831933437518
39.04831933437518
39.04831933437518
39.04831933437518
39.42064208182268
39.42064208182268
39.04831933437518
39.42064208182268
39.42064208182268
39.42064208182268
51.235481594987405
32.215931586333525
32.215931586333525
32.215931586333525
0.0
0.0
0.0
0.0
0.0
0.0
0.0
0.0
0.0
0.0
0.0
0.0
0.0
0.0
0.0
59.279016249238424
59.1616439997274
59.1616439997274
59.1616439997274
59.04347056825124
59.04347056825124
59.1616439997274
59.1616439997274
59.1616439997274
59.04347056825124
51.964529967936556
51.964529967936556
59.04347056825124
59.04347056825124
37.47338493503615
37.47338493503615
37.05619991710803
37.05619991710803
37.47338493503615
37.47338493503615
37.05619991710803
37.05619991710803
37.05619991710803
37.05619991710803
37.05619991710803
37.05619991710803
37.8807529181162
0.0
0.0
0.0
0.0
0.0
0.0
0.0
0.0
0.0
0.0
0.0
0.0
0.0
0.0
0.0
0.0
35.279016249238424
35.740706023014056
35.740706023014056
35.740706023014056
35.740706023014056
35.740706023014056
35.279016249238424
35.279016249238424
35.279016249238424
35.279016249238424
35.279016249238424
35.279016249238424
35.279016249238424
35.279016249238424
35.740706023014056
35.740706023014056
35.740706023014056
35.740706023014056
35.740706023014056
35.740706023014056
35.740706023014056
35.740706023014056
35.740706023014056
35.740706023014056
0.0
