0.0
0.0
0.0
0.0
0.0
0.0
0.0
0.0
0.0
0.0
0.0
0.0
0.0
0.0
0.0
0.0
0.0
0.0
0.0
0.0
0.0
0.0
22.80467587899878
41.82422588765265
41.82422588765265
41.50062131644942
41.17085247938414
40.834679965348975
40.834679965348975
40.49185013898772
40.49185013898772
40.49185013898772
40.49185013898772
40.49185013898772
40.49185013898772
40.49185013898772
40.49185013898772
40.49185013898772
40.834679965348975
40.834679965348975
40.834679965348975
41.17085247938414
41.17085247938414
41.17085247938414
41.17085247938414
41.17085247938414
41.17085247938414
41.17085247938414
41.17085247938414
41.17085247938414
40.834679965348975
41.17085247938414
41.17085247938414
41.17085247938414
40.834679965348975
40.834679965348975
40.49185013898772
0.0
64.31785530264634
64.31785530264634
61.05619991710803
61.05619991710803
61.37002737137965
61.37002737137965
61.37002737137965
61.37002737137965
61.37002737137965
61.37002737137965
61.37002737137965
0.0
41.50062131644942
41.17085247938414
41.17085247938414
40.834679965348975
40.834679965348975
40.834679965348975
40.834679965348975
40.49185013898772
40.49185013898772
40.49185013898772
40.49185013898772
40.49185013898772
40.49185013898772
40.49185013898772
40.49185013898772
40.49185013898772
40.49185013898772
40.49185013898772
40.49185013898772
40.49185013898772
40.49185013898772
40.49185013898772
40.49185013898772
40.49185013898772
40.49185013898772
40.49185013898772
40.49185013898772
40.49185013898772
40.49185013898772
40.49185013898772
40.49185013898772
40.49185013898772
40.49185013898772
40.49185013898772
0.0
0.0
0.0
0.0
0.0
0.0
0.0
0.0
29.17085247938413
41.82422588765265
41.82422588765265
41.50062131644942
41.50062131644942
41.50062131644942
41.50062131644942
41.50062131644942
41.50062131644942
41.50062131644942
41.50062131644942
41.50062131644942
41.17085247938414
41.17085247938414
41.17085247938414
41.17085247938414
41.17085247938414
41.17085247938414
41.17085247938414
41.17085247938414
41.17085247938414
41.17085247938414
41.17085247938414
41.17085247938414
41.17085247938414
41.17085247938414
41.17085247938414
41.17085247938414
41.17085247938414
41.17085247938414
41.50062131644942
41.17085247938414
41.17085247938414
40.834679965348975
40.49185013898772
40.49185013898772
0.0
0.0
0.0
0.0
0.0
0.0
0.0
0.0
0.0
0.0
63.14215338788678
0.0
0.0
0.0
0.0
56.07574992576191
40.49185013898772
40.834679965348975
41.17085247938414
40.834679965348975
40.834679965348975
40.834679965348975
40.834679965348975
40.834679965348975
40.834679965348975
40.49185013898772
40.49185013898772
40.49185013898772
40.49185013898772
40.49185013898772
40.49185013898772
40.49185013898772
40.49185013898772
40.49185013898772
40.49185013898772
40.49185013898772
40.49185013898772
40.49185013898772
40.49185013898772
40.49185013898772
40.49185013898772
40.49185013898772
40.49185013898772
40.49185013898772
40.49185013898772
40.49185013898772
40.49185013898772
40.49185013898772
40.49185013898772
40.49185013898772
40.834679965348975
40.834679965348975
40.834679965348975
40.834679965348975
40.49185013898772
40.49185013898772
40.49185013898772
40.49185013898772
0.0
0.0
0.0
0.0
0.0
0.0
0.0
42.141892423986945
42.141892423986945
42.141892423986945
42.141892423986945
41.82422588765265
41.82422588765265
41.82422588765265
41.50062131644942
41.50062131644942
41.50062131644942
41.50062131644942
41.50062131644942
41.50062131644942
41.50062131644942
41.50062131644942
41.50062131644942
41.50062131644942
41.50062131644942
41.50062131644942
41.50062131644942
41.50062131644942
41.50062131644942
41.50062131644942
41.50062131644942
41.17085247938414
41.17085247938414
41.17085247938414
41.50062131644942
41.50062131644942
41.50062131644942
41.50062131644942
41.50062131644942
41.50062131644942
41.50062131644942
41.82422588765265
41.82422588765265
41.82422588765265
41.82422588765265
41.82422588765265
41.82422588765265
41.50062131644942
41.50062131644942
41.50062131644942
41.50062131644942
41.82422588765265
42.45383492638228
43.35729245403312
43.93442391244566
43.93442391244566
44.215931586333525
44.215931586333525
44.215931586333525
44.215931586333525
43.93442391244566
43.93442391244566
43.648263008993254
43.648263008993254
43.648263008993254
43.648263008993254
43.35729245403312
43.35729245403312
43.35729245403312
43.35729245403312
43.35729245403312
43.35729245403312
43.35729245403312
43.35729245403312
43.35729245403312
43.35729245403312
43.35729245403312
43.35729245403312
43.35729245403312
43.648263008993254
43.648263008993254
43.648263008993254
43.35729245403312
43.35729245403312
43.06134780322189
43.06134780322189
43.35729245403312
64.49185013898773
0.0
0.0
0.0
0.0
64.14209399107352
64.23019769516755
64.74960686791314
64.74960686791314
64.74960686791314
0.0
61.16144243264081
62.763726506689494
61.16144243264081
0.0
0.0
0.0
40.834679965348975
40.834679965348975
41.17085247938414
41.17085247938414
40.834679965348975
40.834679965348975
40.834679965348975
40.834679965348975
40.834679965348975
40.834679965348975
40.49185013898772
40.49185013898772
40.49185013898772
40.49185013898772
40.49185013898772
40.49185013898772
40.49185013898772
40.49185013898772
40.49185013898772
40.49185013898772
40.49185013898772
40.49185013898772
40.49185013898772
40.834679965348975
40.834679965348975
40.834679965348975
40.834679965348975
40.834679965348975
40.834679965348975
40.834679965348975
40.834679965348975
40.834679965348975
40.834679965348975
40.834679965348975
40.834679965348975
40.834679965348975
40.834679965348975
40.49185013898772
40.49185013898772
40.49185013898772
40.49185013898772
40.834679965348975
0.0
0.0
0.0
0.0
0.0
0.0
0.0
0.0
0.0
0.0
0.0
0.0
0.0
0.0
0.0
0.0
0.0
0.0
0.0
0.0
0.0
0.0
0.0
0.0
0.0
0.0
0.0
0.0
0.0
0.0
0.0
0.0
0.0
0.0
0.0
0.0
0.0
0.0
0.0
0.0
0.0
0.0
0.0
0.0
0.0
0.0
0.0
0.0
0.0
0.0
0.0
0.0
0.0
0.0
0.0
0.0
0.0
0.0
0.0
0.0
0.0
0.0
0.0
0.0
0.0
0.0
0.0
0.0
0.0
0.0
41.17085247938414
41.50062131644942
41.50062131644942
41.17085247938414
41.17085247938414
40.834679965348975
40.834679965348975
40.834679965348975
40.834679965348975
40.834679965348975
40.834679965348975
40.834679965348975
40.834679965348975
40.834679965348975
41.17085247938414
41.17085247938414
41.17085247938414
41.50062131644942
41.50062131644942
41.50062131644942
41.50062131644942
41.50062131644942
41.50062131644942
41.17085247938414
41.17085247938414
41.17085247938414
41.17085247938414
41.17085247938414
40.834679965348975
40.834679965348975
40.834679965348975
40.834679965348975
40.834679965348975
40.834679965348975
41.17085247938414
41.50062131644942
41.82422588765265
42.141892423986945
42.76025603166793
43.35729245403312
43.93442391244566
44.215931586333525
45.03398961803248
45.29830529399247
45.55864614718429
45.8151299566951
45.8151299566951
45.8151299566951
45.8151299566951
45.55864614718429
45.55864614718429
45.29830529399247
45.29830529399247
45.03398961803248
45.03398961803248
44.76557586169103
44.76557586169103
44.76557586169103
44.76557586169103
44.76557586169103
44.76557586169103
44.76557586169103
44.76557586169103
45.03398961803248
45.03398961803248
45.03398961803248
45.03398961803248
45.03398961803248
45.03398961803248
45.03398961803248
45.03398961803248
45.03398961803248
45.03398961803248
45.03398961803248
44.76557586169103
44.76557586169103
44.76557586169103
44.76557586169103
44.49293494369003
44.49293494369003
44.215931586333525
43.93442391244566
43.648263008993254
43.35729245403312
43.06134780322189
43.06134780322189
42.76025603166793
42.76025603166793
42.76025603166793
42.45383492638228
42.45383492638228
42.45383492638228
42.45383492638228
42.76025603166793
42.76025603166793
42.76025603166793
42.76025603166793
42.76025603166793
42.76025603166793
42.76025603166793
42.76025603166793
42.76025603166793
42.76025603166793
42.76025603166793
42.76025603166793
42.76025603166793
42.76025603166793
42.76025603166793
43.06134780322189
43.06134780322189
43.06134780322189
43.06134780322189
43.06134780322189
43.06134780322189
42.76025603166793
42.45383492638228
41.82422588765265
41.50062131644942
41.17085247938414
42.76025603166793
0.0
0.0
0.0
0.0
0.0
21.815129956695102
21.815129956695102
27.04831933437518
39.42064208182268
39.42064208182268
39.42064208182268
39.42064208182268
39.7851258703449
40.14209399107353
40.14209399107353
40.49185013898772
40.49185013898772
40.49185013898772
40.49185013898772
40.49185013898772
40.49185013898772
40.49185013898772
40.49185013898772
40.49185013898772
40.49185013898772
40.49185013898772
40.49185013898772
40.49185013898772
40.14209399107353
40.14209399107353
40.14209399107353
40.14209399107353
40.49185013898772
40.49185013898772
40.49185013898772
40.49185013898772
40.49185013898772
40.49185013898772
40.49185013898772
40.49185013898772
40.49185013898772
40.49185013898772
61.16144243264081
61.16144243264081
64.83467996534898
64.83467996534898
64.83467996534898
64.83467996534898
64.83467996534898
64.83467996534898
0.0
64.74960686791314
64.74960686791314
40.834679965348975
40.49185013898772
40.14209399107353
40.14209399107353
39.7851258703449
39.7851258703449
39.42064208182268
39.42064208182268
39.42064208182268
39.42064208182268
39.42064208182268
39.42064208182268
39.04831933437518
38.66781301764712
38.66781301764712
38.66781301764712
38.66781301764712
38.27875528533859
38.27875528533859
38.27875528533859
38.27875528533859
38.27875528533859
38.27875528533859
38.27875528533859
38.27875528533859
38.27875528533859
38.27875528533859
38.27875528533859
38.27875528533859
38.27875528533859
38.27875528533859
38.27875528533859
38.27875528533859
38.27875528533859
38.27875528533859
38.27875528533859
38.27875528533859
38.27875528533859
38.27875528533859
38.27875528533859
38.27875528533859
38.27875528533859
38.27875528533859
38.27875528533859
38.27875528533859
38.27875528533859
38.27875528533859
38.27875528533859
38.27875528533859
38.27875528533859
38.27875528533859
38.27875528533859
38.27875528533859
38.27875528533859
38.66781301764712
38.66781301764712
39.04831933437518
38.66781301764712
38.66781301764712
39.04831933437518
38.66781301764712
39.04831933437518
19.648263008993254
64.74960686791314
64.83467996534898
64.83467996534898
64.83467996534898
64.83467996534898
64.83467996534898
64.74960686791314
64.74960686791314
64.31785530264634
64.31785530264634
15.7851258703449
37.47338493503615
37.05619991710803
36.190402488038
36.190402488038
36.190402488038
36.190402488038
36.190402488038
35.740706023014056
35.740706023014056
35.740706023014056
35.740706023014056
35.740706023014056
35.740706023014056
35.740706023014056
36.190402488038
36.190402488038
36.190402488038
36.190402488038
36.190402488038
36.190402488038
36.190402488038
36.190402488038
36.190402488038
36.628713000339374
36.628713000339374
36.190402488038
36.190402488038
36.190402488038
36.190402488038
36.190402488038
36.190402488038
36.190402488038
36.190402488038
36.190402488038
36.190402488038
36.190402488038
36.190402488038
36.190402488038
36.190402488038
36.628713000339374
37.05619991710803
37.05619991710803
36.628713000339374
36.628713000339374
36.628713000339374
36.628713000339374
36.628713000339374
36.628713000339374
36.628713000339374
37.05619991710803
37.05619991710803
37.47338493503615
37.47338493503615
37.47338493503615
37.47338493503615
37.47338493503615
0.0
0.0
0.0
0.0
0.0
0.0
0.0
0.0
0.0
0.0
0.0
0.0
0.0
0.0
0.0
0.0
0.0
0.0
0.0
0.0
0.0
0.0
0.0
0.0
0.0
0.0
0.0
0.0
0.0
0.0
0.0
0.0
0.0
0.0
0.0
0.0
0.0
0.0
0.0
0.0
0.0
0.0
0.0
0.0
0.0
0.0
0.0
0.0
0.0
0.0
0.0
0.0
0.0
0.0
0.0
0.0
0.0
0.0
0.0
0.0
0.0
0.0
0.0
0.0
0.0
0.0
0.0
0.0
0.0
0.0
0.0
0.0
0.0
0.0
0.0
0.0
0.0
0.0
0.0
0.0
0.0
0.0
0.0
0.0
0.0
0.0
0.0
0.0
0.0
0.0
0.0
0.0
0.0
0.0
0.0
0.0
0.0
0.0
0.0
0.0
0.0
0.0
0.0
0.0
0.0
0.0
0.0
0.0
0.0
0.0
0.0
0.0
0.0
0.0
0.0
0.0
0.0
0.0
0.0
0.0
0.0
0.0
0.0
0.0
0.0
0.0
0.0
0.0
0.0
0.0
0.0
0.0
0.0
0.0
0.0
0.0
0.0
0.0
0.0
0.0
0.0
0.0
0.0
0.0
0.0
0.0
0.0
0.0
0.0
0.0
0.0
0.0
0.0
0.0
0.0
0.0
0.0
0.0
0.0
0.0
0.0
0.0
0.0
0.0
0.0
0.0
0.0
0.0
0.0
0.0
31.648263008993247
43.648263008993254
43.93442391244566
43.93442391244566
43.648263008993254
43.35729245403312
43.35729245403312
43.35729245403312
43.35729245403312
43.35729245403312
43.35729245403312
43.35729245403312
43.35729245403312
43.35729245403312
43.35729245403312
43.35729245403312
43.35729245403312
43.35729245403312
43.06134780322189
43.06134780322189
42.45383492638228
41.17085247938414
43.06134780322189
43.06134780322189
0.0
0.0
0.0
0.0
26.27875528533859
29.824225887652652
41.82422588765265
41.50062131644942
41.50062131644942
41.50062131644942
41.50062131644942
41.50062131644942
41.17085247938414
41.17085247938414
41.17085247938414
41.17085247938414
41.50062131644942
41.50062131644942
41.50062131644942
41.50062131644942
41.82422588765265
41.50062131644942
41.50062131644942
41.17085247938414
40.834679965348975
40.834679965348975
61.16144243264081
61.26604903785413
61.26604903785413
61.57612909707724
61.57612909707724
64.74960686791314
64.83467996534898
61.05619991710803
61.05619991710803
61.26604903785413
61.26604903785413
0.0
64.74960686791314
41.50062131644942
41.50062131644942
41.50062131644942
41.17085247938414
41.17085247938414
41.17085247938414
40.834679965348975
40.834679965348975
40.834679965348975
40.834679965348975
40.834679965348975
40.834679965348975
40.834679965348975
40.834679965348975
40.834679965348975
40.834679965348975
41.17085247938414
41.17085247938414
41.50062131644942
41.50062131644942
41.82422588765265
42.141892423986945
42.141892423986945
42.45383492638228
42.76025603166793
42.76025603166793
43.06134780322189
43.06134780322189
43.06134780322189
43.35729245403312
43.35729245403312
43.35729245403312
43.35729245403312
43.35729245403312
43.35729245403312
43.648263008993254
43.648263008993254
43.648263008993254
43.648263008993254
43.35729245403312
43.35729245403312
43.35729245403312
43.06134780322189
43.35729245403312
43.648263008993254
43.06134780322189
0.0
0.0
0.0
0.0
0.0
0.0
0.0
0.0
0.0
21.815129956695102
41.82422588765265
41.17085247938414
41.17085247938414
41.17085247938414
41.50062131644942
41.17085247938414
41.17085247938414
41.17085247938414
41.50062131644942
41.50062131644942
41.50062131644942
41.50062131644942
41.50062131644942
41.50062131644942
41.50062131644942
41.50062131644942
41.50062131644942
41.50062131644942
41.50062131644942
41.17085247938414
40.834679965348975
0.0
0.0
61.37002737137965
0.0
0.0
0.0
61.67826709534344
62.18010920367897
0.0
62.763726506689494
0.0
0.0
41.17085247938414
41.17085247938414
41.17085247938414
41.17085247938414
41.17085247938414
41.17085247938414
41.17085247938414
40.834679965348975
40.834679965348975
40.834679965348975
40.834679965348975
40.49185013898772
40.49185013898772
40.14209399107353
39.7851258703449
39.42064208182268
39.04831933437518
38.66781301764712
38.66781301764712
38.66781301764712
38.66781301764712
38.66781301764712
38.66781301764712
38.66781301764712
38.66781301764712
38.66781301764712
38.66781301764712
38.66781301764712
38.66781301764712
38.66781301764712
38.66781301764712
38.66781301764712
38.66781301764712
38.66781301764712
38.66781301764712
38.66781301764712
38.66781301764712
38.66781301764712
38.66781301764712
38.66781301764712
38.66781301764712
38.66781301764712
38.66781301764712
38.66781301764712
38.66781301764712
38.66781301764712
38.66781301764712
38.66781301764712
38.66781301764712
39.04831933437518
39.04831933437518
39.04831933437518
39.04831933437518
39.04831933437518
39.04831933437518
38.66781301764712
38.66781301764712
38.66781301764712
38.66781301764712
38.66781301764712
0.0
0.0
0.0
0.0
0.0
0.0
0.0
0.0
0.0
0.0
0.0
0.0
0.0
0.0
0.0
0.0
0.0
0.0
0.0
0.0
0.0
0.0
0.0
0.0
0.0
0.0
0.0
0.0
0.0
0.0
0.0
0.0
0.0
0.0
0.0
0.0
0.0
0.0
0.0
0.0
0.0
0.0
0.0
0.0
0.0
0.0
0.0
0.0
0.0
0.0
0.0
0.0
0.0
0.0
0.0
0.0
0.0
0.0
0.0
0.0
0.0
0.0
0.0
0.0
0.0
0.0
0.0
0.0
0.0
0.0
0.0
0.0
0.0
0.0
0.0
0.0
0.0
0.0
0.0
0.0
0.0
0.0
0.0
0.0
0.0
0.0
0.0
0.0
0.0
0.0
0.0
0.0
0.0
0.0
0.0
0.0
0.0
0.0
0.0
0.0
0.0
0.0
0.0
0.0
0.0
0.0
0.0
0.0
0.0
0.0
0.0
0.0
0.0
0.0
0.0
0.0
0.0
0.0
0.0
0.0
0.0
0.0
0.0
0.0
43.648263008993254
43.06134780322189
43.06134780322189
43.35729245403312
43.648263008993254
43.648263008993254
43.648263008993254
43.648263008993254
43.648263008993254
43.648263008993254
43.648263008993254
43.648263008993254
43.648263008993254
43.648263008993254
43.648263008993254
43.648263008993254
43.648263008993254
43.648263008993254
43.648263008993254
43.648263008993254
43.648263008993254
43.648263008993254
43.35729245403312
43.35729245403312
43.35729245403312
43.35729245403312
43.35729245403312
43.35729245403312
43.35729245403312
43.35729245403312
43.35729245403312
43.35729245403312
43.35729245403312
43.35729245403312
43.35729245403312
43.35729245403312
43.35729245403312
43.35729245403312
43.35729245403312
43.35729245403312
43.35729245403312
43.35729245403312
43.06134780322189
43.06134780322189
43.06134780322189
43.06134780322189
42.76025603166793
42.141892423986945
41.50062131644942
41.17085247938414
0.0
0.0
0.0
0.0
0.0
0.0
41.50062131644942
41.50062131644942
41.50062131644942
41.50062131644942
41.50062131644942
41.17085247938414
41.17085247938414
41.17085247938414
41.17085247938414
41.17085247938414
41.17085247938414
41.17085247938414
41.17085247938414
41.17085247938414
41.17085247938414
41.17085247938414
41.17085247938414
41.17085247938414
41.50062131644942
41.50062131644942
41.50062131644942
41.50062131644942
41.50062131644942
41.50062131644942
41.50062131644942
41.17085247938414
41.17085247938414
41.17085247938414
41.17085247938414
41.17085247938414
41.17085247938414
41.17085247938414
41.17085247938414
41.17085247938414
41.17085247938414
41.17085247938414
41.17085247938414
41.17085247938414
41.17085247938414
41.17085247938414
41.17085247938414
41.17085247938414
41.17085247938414
41.17085247938414
41.50062131644942
41.50062131644942
41.50062131644942
41.50062131644942
41.17085247938414
40.834679965348975
40.834679965348975
40.49185013898772
60.301024848390554
64.66411365471257
61.37002737137965
61.26604903785413
61.37002737137965
61.37002737137965
61.26604903785413
61.47338493503615
61.47338493503615
61.37002737137965
61.37002737137965
61.37002737137965
61.05619991710803
61.05619991710803
0.0
29.17085247938413
40.834679965348975
41.17085247938414
40.834679965348975
40.834679965348975
40.834679965348975
40.834679965348975
40.834679965348975
40.834679965348975
40.49185013898772
40.49185013898772
40.49185013898772
40.49185013898772
40.49185013898772
40.49185013898772
40.49185013898772
40.49185013898772
40.49185013898772
40.49185013898772
40.49185013898772
40.49185013898772
40.49185013898772
40.49185013898772
40.49185013898772
40.49185013898772
40.49185013898772
40.49185013898772
40.49185013898772
40.49185013898772
40.49185013898772
40.14209399107353
40.14209399107353
40.14209399107353
40.14209399107353
39.7851258703449
39.7851258703449
39.42064208182268
39.42064208182268
39.04831933437518
39.04831933437518
39.04831933437518
38.66781301764712
38.66781301764712
38.66781301764712
38.66781301764712
38.27875528533859
38.27875528533859
38.27875528533859
38.27875528533859
38.27875528533859
38.27875528533859
38.27875528533859
38.27875528533859
38.66781301764712
38.27875528533859
38.27875528533859
38.27875528533859
38.27875528533859
38.27875528533859
38.27875528533859
38.66781301764712
38.27875528533859
38.27875528533859
38.27875528533859
38.27875528533859
38.27875528533859
38.66781301764712
38.27875528533859
38.27875528533859
38.27875528533859
38.27875528533859
38.27875528533859
38.27875528533859
38.27875528533859
38.27875528533859
38.27875528533859
38.27875528533859
38.27875528533859
38.66781301764712
38.66781301764712
38.66781301764712
38.66781301764712
38.66781301764712
38.66781301764712
38.66781301764712
38.66781301764712
38.66781301764712
38.66781301764712
38.66781301764712
38.66781301764712
38.66781301764712
38.66781301764712
39.04831933437518
39.04831933437518
39.04831933437518
39.42064208182268
39.42064208182268
39.42064208182268
39.7851258703449
39.7851258703449
39.42064208182268
39.04831933437518
38.66781301764712
38.27875528533859
64.57819615583817
61.16144243264081
61.37002737137965
61.37002737137965
61.37002737137965
61.37002737137965
61.37002737137965
61.16144243264081
64.66411365471257
64.66411365471257
60.301024848390554
0.0
0.0
58.92448494187025
0.0
0.0
0.0
28.491850138987722
40.49185013898772
40.834679965348975
40.49185013898772
40.49185013898772
40.49185013898772
40.49185013898772
40.49185013898772
40.49185013898772
40.49185013898772
40.49185013898772
40.49185013898772
40.49185013898772
40.49185013898772
40.49185013898772
40.49185013898772
40.49185013898772
40.49185013898772
40.49185013898772
40.49185013898772
40.49185013898772
40.49185013898772
40.49185013898772
40.834679965348975
40.834679965348975
40.49185013898772
40.49185013898772
40.14209399107353
40.14209399107353
40.14209399107353
39.7851258703449
39.42064208182268
39.04831933437518
39.04831933437518
38.66781301764712
38.66781301764712
38.66781301764712
38.27875528533859
38.27875528533859
38.27875528533859
38.27875528533859
38.27875528533859
38.27875528533859
38.66781301764712
38.66781301764712
38.66781301764712
38.66781301764712
38.66781301764712
38.27875528533859
38.27875528533859
38.27875528533859
38.66781301764712
38.66781301764712
38.66781301764712
38.66781301764712
38.66781301764712
38.66781301764712
38.66781301764712
64.57819615583817
64.57819615583817
64.66411365471257
64.66411365471257
64.40507130821481
64.40507130821481
64.23019769516755
64.14209399107352
64.14209399107352
64.14209399107352
0.0
0.0
0.0
0.0
26.27875528533859
38.27875528533859
37.47338493503615
37.05619991710803
37.05619991710803
36.628713000339374
36.628713000339374
36.628713000339374
36.628713000339374
36.628713000339374
36.628713000339374
36.628713000339374
36.628713000339374
36.628713000339374
36.628713000339374
36.190402488038
36.190402488038
36.190402488038
36.190402488038
36.190402488038
36.628713000339374
36.628713000339374
36.628713000339374
36.628713000339374
36.628713000339374
36.628713000339374
36.628713000339374
36.628713000339374
36.628713000339374
36.628713000339374
36.628713000339374
36.628713000339374
36.628713000339374
36.628713000339374
36.628713000339374
36.628713000339374
36.190402488038
36.628713000339374
36.628713000339374
36.190402488038
36.190402488038
36.190402488038
36.190402488038
36.628713000339374
36.190402488038
36.190402488038
36.190402488038
36.190402488038
36.628713000339374
36.628713000339374
36.628713000339374
36.628713000339374
36.628713000339374
37.05619991710803
37.05619991710803
37.05619991710803
37.05619991710803
36.628713000339374
36.190402488038
36.190402488038
35.740706023014056
35.740706023014056
35.740706023014056
0.0
0.0
0.0
0.0
0.0
0.0
0.0
0.0
0.0
0.0
0.0
0.0
0.0
0.0
0.0
0.0
0.0
0.0
0.0
0.0
0.0
0.0
0.0
0.0
0.0
0.0
0.0
0.0
0.0
0.0
0.0
0.0
0.0
0.0
0.0
0.0
0.0
0.0
0.0
0.0
0.0
0.0
0.0
0.0
0.0
0.0
0.0
0.0
0.0
0.0
0.0
0.0
0.0
0.0
0.0
0.0
0.0
0.0
0.0
0.0
0.0
0.0
0.0
0.0
0.0
0.0
0.0
0.0
0.0
0.0
0.0
0.0
0.0
0.0
0.0
0.0
0.0
0.0
0.0
0.0
0.0
0.0
0.0
0.0
0.0
0.0
0.0
0.0
0.0
0.0
0.0
0.0
0.0
0.0
0.0
0.0
0.0
0.0
0.0
0.0
0.0
0.0
0.0
0.0
0.0
0.0
0.0
0.0
0.0
20.765575861691026
40.834679965348975
41.17085247938414
40.834679965348975
40.834679965348975
40.834679965348975
40.49185013898772
40.49185013898772
40.49185013898772
40.49185013898772
40.49185013898772
40.49185013898772
40.49185013898772
40.49185013898772
40.49185013898772
40.49185013898772
40.49185013898772
40.834679965348975
40.834679965348975
40.834679965348975
40.834679965348975
40.834679965348975
40.834679965348975
41.17085247938414
41.17085247938414
41.17085247938414
41.17085247938414
41.17085247938414
41.17085247938414
41.17085247938414
41.17085247938414
41.17085247938414
41.17085247938414
41.17085247938414
41.17085247938414
41.17085247938414
41.17085247938414
40.834679965348975
40.834679965348975
40.49185013898772
40.14209399107353
40.49185013898772
0.0
0.0
0.0
0.0
0.0
0.0
0.0
0.0
0.0
0.0
0.0
0.0
64.31785530264634
61.05619991710803
61.05619991710803
40.49185013898772
40.49185013898772
40.49185013898772
40.49185013898772
40.49185013898772
40.49185013898772
40.49185013898772
40.49185013898772
40.49185013898772
40.49185013898772
40.49185013898772
40.49185013898772
40.49185013898772
40.49185013898772
40.49185013898772
40.49185013898772
40.49185013898772
40.49185013898772
40.49185013898772
40.49185013898772
40.49185013898772
40.49185013898772
40.49185013898772
40.49185013898772
40.49185013898772
40.49185013898772
40.49185013898772
40.49185013898772
40.49185013898772
40.49185013898772
40.49185013898772
40.49185013898772
40.49185013898772
40.49185013898772
40.49185013898772
40.49185013898772
40.49185013898772
40.49185013898772
40.14209399107353
40.14209399107353
40.49185013898772
40.49185013898772
0.0
0.0
0.0
0.0
0.0
0.0
0.0
0.0
41.50062131644942
41.50062131644942
41.17085247938414
41.17085247938414
41.17085247938414
41.17085247938414
41.17085247938414
41.17085247938414
41.17085247938414
41.17085247938414
41.17085247938414
41.17085247938414
41.17085247938414
41.17085247938414
41.17085247938414
41.17085247938414
41.17085247938414
41.17085247938414
41.17085247938414
41.17085247938414
41.17085247938414
41.17085247938414
41.17085247938414
41.17085247938414
41.17085247938414
41.17085247938414
41.17085247938414
41.17085247938414
41.17085247938414
41.17085247938414
41.17085247938414
41.17085247938414
41.17085247938414
41.17085247938414
40.834679965348975
40.834679965348975
40.49185013898772
40.49185013898772
0.0
0.0
0.0
0.0
0.0
0.0
0.0
0.0
61.26604903785413
61.16144243264081
61.16144243264081
61.16144243264081
61.26604903785413
59.279016249238424
63.14215338788678
40.49185013898772
40.834679965348975
40.49185013898772
40.49185013898772
40.49185013898772
40.49185013898772
40.49185013898772
40.49185013898772
40.49185013898772
40.49185013898772
40.49185013898772
40.49185013898772
40.49185013898772
40.49185013898772
40.49185013898772
40.49185013898772
40.49185013898772
40.49185013898772
40.49185013898772
40.14209399107353
40.14209399107353
40.49185013898772
40.49185013898772
40.49185013898772
40.49185013898772
40.49185013898772
40.49185013898772
40.49185013898772
40.49185013898772
40.49185013898772
40.49185013898772
40.49185013898772
40.49185013898772
40.49185013898772
40.49185013898772
40.49185013898772
40.49185013898772
40.14209399107353
40.49185013898772
40.49185013898772
0.0
0.0
0.0
0.0
0.0
0.0
0.0
0.0
28.491850138987722
41.17085247938414
41.82422588765265
41.82422588765265
41.82422588765265
41.50062131644942
41.50062131644942
41.50062131644942
41.50062131644942
41.50062131644942
41.50062131644942
41.50062131644942
41.50062131644942
41.50062131644942
41.50062131644942
41.50062131644942
41.50062131644942
41.50062131644942
41.50062131644942
41.50062131644942
41.50062131644942
41.50062131644942
41.50062131644942
41.50062131644942
41.50062131644942
41.50062131644942
41.50062131644942
41.50062131644942
41.50062131644942
41.50062131644942
41.50062131644942
41.50062131644942
41.50062131644942
41.50062131644942
41.50062131644942
41.50062131644942
41.50062131644942
41.82422588765265
41.82422588765265
41.82422588765265
41.82422588765265
41.50062131644942
41.17085247938414
41.17085247938414
41.17085247938414
41.17085247938414
41.50062131644942
41.50062131644942
42.141892423986945
43.06134780322189
43.648263008993254
43.648263008993254
43.648263008993254
43.648263008993254
43.648263008993254
43.35729245403312
43.35729245403312
43.648263008993254
43.648263008993254
43.648263008993254
43.648263008993254
43.648263008993254
43.648263008993254
43.648263008993254
43.648263008993254
43.648263008993254
43.648263008993254
43.648263008993254
43.648263008993254
43.35729245403312
43.35729245403312
43.35729245403312
43.35729245403312
43.35729245403312
43.35729245403312
43.35729245403312
43.35729245403312
43.35729245403312
43.648263008993254
43.648263008993254
43.648263008993254
43.648263008993254
43.35729245403312
43.648263008993254
43.648263008993254
43.35729245403312
43.35729245403312
43.06134780322189
42.76025603166793
41.82422588765265
61.67826709534344
61.57612909707724
61.67826709534344
62.27875528533859
62.27875528533859
0.0
62.859111544075375
62.95397392109953
61.7798060403218
0.0
0.0
0.0
61.67826709534344
61.67826709534344
61.26604903785413
61.26604903785413
61.16144243264081
60.95031371246395
40.49185013898772
40.834679965348975
40.834679965348975
40.834679965348975
40.834679965348975
40.834679965348975
40.834679965348975
40.834679965348975
40.49185013898772
40.49185013898772
40.49185013898772
40.49185013898772
40.49185013898772
40.49185013898772
40.49185013898772
40.49185013898772
40.49185013898772
40.49185013898772
40.49185013898772
40.49185013898772
40.49185013898772
40.49185013898772
40.49185013898772
40.49185013898772
40.49185013898772
40.49185013898772
40.49185013898772
40.49185013898772
40.49185013898772
40.49185013898772
40.834679965348975
40.834679965348975
40.834679965348975
40.834679965348975
40.834679965348975
40.834679965348975
40.834679965348975
40.834679965348975
40.834679965348975
40.49185013898772
40.49185013898772
40.49185013898772
40.49185013898772
40.49185013898772
40.49185013898772
40.49185013898772
40.834679965348975
40.834679965348975
40.834679965348975
40.834679965348975
41.17085247938414
41.17085247938414
41.17085247938414
40.834679965348975
40.834679965348975
40.49185013898772
40.14209399107353
40.49185013898772
40.834679965348975
0.0
0.0
0.0
0.0
0.0
0.0
0.0
0.0
0.0
0.0
0.0
0.0
0.0
0.0
0.0
0.0
0.0
0.0
0.0
0.0
0.0
0.0
0.0
0.0
0.0
0.0
0.0
0.0
0.0
0.0
0.0
0.0
0.0
0.0
0.0
0.0
0.0
0.0
0.0
0.0
0.0
0.0
0.0
0.0
0.0
0.0
0.0
0.0
0.0
0.0
0.0
0.0
0.0
0.0
0.0
0.0
0.0
0.0
0.0
0.0
0.0
0.0
0.0
0.0
0.0
0.0
0.0
0.0
0.0
0.0
0.0
0.0
0.0
0.0
0.0
0.0
0.0
0.0
0.0
0.0
0.0
0.0
0.0
0.0
0.0
0.0
0.0
0.0
0.0
0.0
0.0
0.0
0.0
0.0
0.0
0.0
0.0
0.0
0.0
0.0
0.0
0.0
0.0
0.0
0.0
0.0
0.0
0.0
0.0
0.0
0.0
0.0
0.0
0.0
0.0
0.0
0.0
0.0
0.0
0.0
0.0
0.0
0.0
0.0
0.0
0.0
0.0
0.0
0.0
0.0
0.0
0.0
0.0
0.0
0.0
0.0
0.0
0.0
0.0
0.0
0.0
0.0
0.0
0.0
0.0
0.0
0.0
0.0
0.0
0.0
0.0
0.0
0.0
0.0
0.0
0.0
0.0
0.0
0.0
0.0
0.0
0.0
0.0
0.0
0.0
0.0
0.0
0.0
0.0
0.0
0.0
0.0
0.0
0.0
0.0
0.0
0.0
0.0
0.0
0.0
0.0
0.0
0.0
0.0
0.0
0.0
0.0
0.0
0.0
0.0
0.0
0.0
0.0
0.0
0.0
0.0
0.0
0.0
0.0
0.0
0.0
0.0
0.0
0.0
0.0
0.0
0.0
0.0
0.0
0.0
0.0
0.0
0.0
0.0
0.0
0.0
0.0
0.0
0.0
0.0
0.0
0.0
0.0
0.0
0.0
0.0
0.0
0.0
0.0
0.0
0.0
0.0
0.0
0.0
0.0
0.0
0.0
0.0
0.0
0.0
0.0
0.0
0.0
0.0
0.0
0.0
0.0
0.0
0.0
0.0
0.0
0.0
0.0
0.0
0.0
0.0
0.0
0.0
0.0
0.0
0.0
0.0
0.0
0.0
0.0
0.0
0.0
34.80467587899877
41.17085247938414
41.17085247938414
40.834679965348975
40.834679965348975
40.49185013898772
40.49185013898772
40.49185013898772
40.49185013898772
40.49185013898772
40.49185013898772
40.49185013898772
40.834679965348975
40.834679965348975
40.834679965348975
40.834679965348975
40.834679965348975
40.834679965348975
40.834679965348975
40.834679965348975
40.834679965348975
40.834679965348975
40.834679965348975
40.834679965348975
40.834679965348975
40.834679965348975
40.834679965348975
40.834679965348975
40.834679965348975
40.834679965348975
40.834679965348975
40.834679965348975
40.834679965348975
40.834679965348975
41.17085247938414
41.17085247938414
41.17085247938414
41.17085247938414
41.17085247938414
41.17085247938414
40.834679965348975
40.834679965348975
40.834679965348975
40.834679965348975
40.834679965348975
40.834679965348975
40.834679965348975
40.834679965348975
40.49185013898772
40.49185013898772
40.49185013898772
40.834679965348975
40.834679965348975
29.17085247938413
0.0
0.0
0.0
0.0
0.0
0.0
0.0
0.0
0.0
0.0
0.0
0.0
0.0
0.0
0.0
0.0
0.0
0.0
0.0
0.0
0.0
0.0
0.0
0.0
0.0
0.0
0.0
0.0
0.0
0.0
0.0
0.0
0.0
0.0
0.0
0.0
0.0
0.0
0.0
0.0
0.0
0.0
0.0
0.0
0.0
0.0
0.0
0.0
0.0
0.0
0.0
0.0
0.0
0.0
0.0
0.0
0.0
0.0
0.0
0.0
0.0
0.0
0.0
0.0
0.0
0.0
0.0
0.0
0.0
0.0
0.0
0.0
0.0
0.0
0.0
0.0
0.0
0.0
0.0
0.0
0.0
0.0
0.0
0.0
0.0
0.0
0.0
0.0
0.0
0.0
0.0
0.0
0.0
0.0
0.0
0.0
0.0
0.0
0.0
0.0
0.0
0.0
0.0
0.0
0.0
0.0
0.0
0.0
0.0
0.0
0.0
62.08089781187577
64.83467996534898
64.83467996534898
61.37002737137965
61.47338493503615
61.57612909707724
61.57612909707724
0.0
63.6038431616624
63.694721798120014
64.66411365471257
0.0
24.628713000339374
37.47338493503615
37.05619991710803
37.05619991710803
37.05619991710803
37.05619991710803
37.05619991710803
37.05619991710803
36.628713000339374
36.190402488038
36.190402488038
36.628713000339374
36.628713000339374
36.628713000339374
36.628713000339374
36.628713000339374
36.628713000339374
37.05619991710803
37.05619991710803
37.05619991710803
37.05619991710803
37.05619991710803
37.05619991710803
37.05619991710803
37.05619991710803
37.05619991710803
37.47338493503615
37.47338493503615
37.47338493503615
37.8807529181162
37.8807529181162
38.27875528533859
38.27875528533859
38.66781301764712
39.04831933437518
39.42064208182268
39.42064208182268
39.42064208182268
39.42064208182268
39.42064208182268
39.7851258703449
39.42064208182268
39.42064208182268
39.42064208182268
39.42064208182268
39.42064208182268
39.42064208182268
39.42064208182268
39.42064208182268
39.42064208182268
39.04831933437518
39.04831933437518
39.04831933437518
39.04831933437518
39.04831933437518
39.04831933437518
39.04831933437518
39.04831933437518
39.04831933437518
39.04831933437518
39.04831933437518
39.04831933437518
39.04831933437518
39.04831933437518
39.04831933437518
39.04831933437518
39.04831933437518
38.66781301764712
38.27875528533859
38.27875528533859
38.27875528533859
61.05619991710803
61.37002737137965
0.0
61.7798060403218
61.7798060403218
0.0
0.0
61.05619991710803
0.0
0.0
62.27875528533859
0.0
64.83467996534898
0.0
61.37002737137965
61.37002737137965
61.37002737137965
61.26604903785413
40.834679965348975
40.834679965348975
40.834679965348975
40.834679965348975
40.834679965348975
40.49185013898772
40.49185013898772
40.49185013898772
40.49185013898772
40.49185013898772
40.49185013898772
40.14209399107353
40.14209399107353
40.49185013898772
40.49185013898772
40.49185013898772
40.49185013898772
40.49185013898772
40.49185013898772
40.834679965348975
40.834679965348975
40.834679965348975
40.834679965348975
40.834679965348975
40.834679965348975
40.834679965348975
40.834679965348975
40.834679965348975
40.49185013898772
40.49185013898772
40.49185013898772
40.49185013898772
40.49185013898772
40.49185013898772
40.49185013898772
40.49185013898772
40.49185013898772
40.49185013898772
40.49185013898772
40.49185013898772
40.834679965348975
40.834679965348975
40.49185013898772
40.49185013898772
40.49185013898772
40.49185013898772
40.49185013898772
40.49185013898772
40.49185013898772
0.0
0.0
0.0
0.0
0.0
0.0
0.0
0.0
0.0
0.0
0.0
0.0
0.0
0.0
0.0
0.0
0.0
0.0
0.0
0.0
0.0
0.0
0.0
0.0
0.0
0.0
0.0
0.0
0.0
0.0
0.0
0.0
0.0
0.0
0.0
0.0
0.0
0.0
0.0
0.0
0.0
0.0
0.0
0.0
0.0
0.0
0.0
0.0
0.0
0.0
0.0
0.0
0.0
0.0
0.0
0.0
0.0
0.0
0.0
0.0
0.0
0.0
0.0
0.0
0.0
0.0
0.0
0.0
0.0
0.0
0.0
0.0
0.0
0.0
0.0
0.0
0.0
23.74070602301405
29.17085247938413
41.50062131644942
41.50062131644942
41.50062131644942
41.50062131644942
41.50062131644942
41.17085247938414
41.17085247938414
41.17085247938414
41.17085247938414
41.50062131644942
41.50062131644942
41.50062131644942
41.50062131644942
41.50062131644942
41.50062131644942
41.50062131644942
41.50062131644942
41.50062131644942
41.50062131644942
41.17085247938414
41.17085247938414
40.834679965348975
40.49185013898772
0.0
0.0
0.0
0.0
0.0
0.0
0.0
0.0
0.0
0.0
0.0
0.0
58.80467587899878
64.83467996534898
64.83467996534898
64.83467996534898
59.62643273359197
59.279016249238424
60.52017132510329
30.453834926382278
41.50062131644942
41.50062131644942
41.17085247938414
41.17085247938414
41.17085247938414
41.17085247938414
40.834679965348975
40.834679965348975
40.834679965348975
40.834679965348975
40.834679965348975
40.834679965348975
40.834679965348975
40.834679965348975
40.834679965348975
40.834679965348975
40.834679965348975
40.834679965348975
40.834679965348975
40.834679965348975
40.834679965348975
40.834679965348975
40.834679965348975
40.49185013898772
40.49185013898772
40.49185013898772
15.7851258703449
0.0
0.0
0.0
0.0
0.0
0.0
0.0
21.815129956695102
41.82422588765265
41.82422588765265
41.82422588765265
41.50062131644942
41.50062131644942
41.50062131644942
41.50062131644942
41.50062131644942
41.50062131644942
41.50062131644942
41.50062131644942
41.50062131644942
41.50062131644942
41.50062131644942
41.17085247938414
41.17085247938414
41.17085247938414
41.17085247938414
41.17085247938414
41.17085247938414
41.17085247938414
41.17085247938414
41.50062131644942
41.50062131644942
41.50062131644942
41.50062131644942
41.50062131644942
41.50062131644942
41.50062131644942
41.50062131644942
41.17085247938414
41.17085247938414
41.17085247938414
41.50062131644942
41.50062131644942
41.50062131644942
41.50062131644942
41.50062131644942
41.50062131644942
41.50062131644942
41.50062131644942
41.17085247938414
41.17085247938414
41.17085247938414
41.17085247938414
41.17085247938414
41.17085247938414
21.815129956695102
0.0
0.0
0.0
0.0
0.0
0.0
0.0
0.0
0.0
0.0
0.0
0.0
0.0
0.0
0.0
0.0
0.0
0.0
0.0
0.0
0.0
0.0
0.0
0.0
0.0
0.0
0.0
0.0
0.0
0.0
0.0
0.0
0.0
0.0
0.0
