1.0
8.743294046098526e-06
2.3240730854467984e-05
5.748676039729616e-05
0.0012204905128783137
0.03671477383250021
0.19992587529122827
0.37762128934264183
0.29961506580002606
0.08990777135477403
0.01334774965653196
0.02685033148736693
0.025775303598493338
0.010639417800121011
0.002832569836755283
0.0013158585061319172
0.0008792158478172496
0.0013955394679214805
0.00640355487121269
0.19570720283081752
0.6073923096992075
0.7378440871834755
0.4226861717179418
0.11724605993367733
0.018617932451888922
0.005076976216514595
0.0017799468405428347
0.0001597660393599654
0.00011880336023750715
0.00020129713993810583
0.00026025562692666426
0.0002524945157347247
0.00026069387240568176
0.0003591393688111566
0.0004890348500339314
0.00043603599624475464
0.00022161550077726136
8.498768511344679e-05
5.057611269876361e-05
4.051819360029185e-05
3.476063329799217e-05
2.780202339636162e-05
2.015604377447744e-05
1.4722092373631313e-05
1.1720207794496673e-05
1.2089540859960834e-05
3.2686377608115436e-05
0.0002576306892478897
0.0024217176396632563
0.00878430598822888
0.02887673093937337
0.13091294188052416
0.3809080757200718
0.6442660987377167
0.6361528411507607
0.3489176649600268
0.09665765840327369
0.012554994929359966
0.0006581199786097615
7.624677089701494e-06
9.72693094958288e-08
4.940234532568866e-08
8.812010721115371e-08
1.1235957231292559e-07
1.152650064284444e-07
2.3999658971263216e-07
1.8677273629918998e-06
1.1278793451197087e-05
0.00013449137384213827
0.0004866534618486184
0.0007276225587702356
0.0005516133242053911
0.00027417262754170224
0.00011520571433720762
3.057155350916219e-05
8.262321557594987e-06
1.737168310000925e-05
3.9998515603656415e-05
5.064730021331343e-05
3.2506143497812445e-05
1.5756748553030775e-05
1.218161287397379e-05
9.763858315636753e-06
9.387468708155211e-06
8.669692988405586e-06
5.793439640910947e-06
4.774743274538196e-06
5.751973276346689e-06
6.346725172079459e-06
6.689729502795672e-06
8.036353960960696e-06
1.3612593306788767e-05
3.3109978403444984e-05
7.213268145278562e-05
0.00013203091657487676
0.00018401533634460066
0.00016018983296817169
9.769287862582134e-05
0.00045328497071750457
0.003624785422289278
0.011438260728027672
0.01577688450925052
0.011093166191130877
0.005337028356734663
0.002572120982222259
0.0013413381529971957
0.0007759121654089541
0.000380282464902848
0.0019324592722114173
0.13613062159856779
0.4565270906314254
0.5565754398703575
0.28643020009621983
0.05937567172804848
0.007849962392356248
0.0007222969652502798
0.0002641905434757064
4.212809267301055e-05
2.2608872313867323e-05
0.00027660822411235125
0.001338295211098739
0.002766248391708359
0.0030367165454663336
0.0019853845733450726
0.0008118650675896789
0.00019921835837521942
2.9567638478056327e-05
5.552361017180375e-06
2.001125722017605e-06
1.3466329846778535e-06
1.4665289995718922e-06
1.9644931512630137e-06
3.064942916353175e-06
4.447375602012471e-06
5.600984195552883e-06
6.6037166561727645e-06
1.4002248235556179e-05
0.00014088605098550033
0.0008153778571795555
0.00293352801236324
0.008538090041838586
0.023644249537028372
0.08916833018884063
0.2826376808807254
0.5405052974820137
0.5931442007422447
0.360208279453218
0.10873341670958327
0.012786637724275353
0.0008124464745833395
1.5674325197778675e-05
2.2180736536370205e-06
6.930241838176699e-07
3.553598055816565e-07
2.102798717373844e-07
1.2634930257604537e-07
2.7150411341381187e-07
6.326493746655615e-07
1.2632859380801165e-06
9.930899636856337e-06
3.592040741295932e-05
0.00010132450915989466
0.0005580377819569549
0.0017859740255516954
0.002721989236306399
0.0021384551509981975
0.0009766458388185129
0.0003555647372195381
0.00011384248466583814
1.8984300936608637e-05
1.1273618270024599e-05
4.6905185968171274e-05
0.00011925899343623314
0.00015171459745033644
0.00010359178941143911
5.404680359788472e-05
4.4150986468594056e-05
4.712899954029126e-05
5.300043630995788e-05
5.560683348448947e-05
4.5334967126109404e-05
2.7292113600196902e-05
1.2516100468928927e-05
6.968889920244692e-06
8.162003041434218e-06
9.844302212513867e-06
1.2070645652784151e-05
1.8425361304252874e-05
3.65208693438035e-05
5.416495605459204e-05
4.8546849939157255e-05
3.272122876296635e-05
2.342359175599995e-05
1.7508318705949932e-05
1.7136002043116605e-05
7.38442881811352e-05
0.0005383507213991834
0.001201344231958501
0.001054628011843306
0.000350010085185204
0.00017192910945595938
0.0015401347723127399
0.008167204301571473
0.0142241430003196
0.012013206956908107
0.008210712112486362
0.0058572140987962484
0.00411361368605867
0.0028188576106913388
0.001877273607533425
0.07961362617788835
0.383608934818767
0.575355026870966
0.32090911269187933
0.057842325957608416
0.007958324218634518
0.001121555505960714
0.0005724119928345318
9.508342782282854e-05
2.985631635965547e-05
9.831945726546108e-05
0.00039596808346686885
0.0007765143382130191
0.0008993207302410156
0.0006785709811083507
0.00032144278884516103
0.00010075040154333693
3.820489519057446e-05
1.704569785943022e-05
8.283417173515772e-06
4.743889519431832e-06
2.806156885526434e-06
1.9792989576217224e-06
1.7249586790057947e-06
1.866952146656331e-06
2.1435908479361387e-06
1.8697472370377e-06
1.106486436697196e-06
6.0980788418874e-07
5.876522521930383e-07
7.433140467583144e-07
8.348606144181758e-07
1.0156967107377568e-06
2.6802486132737613e-06
1.1209798117306491e-05
4.845338742143212e-05
0.0004264340791451104
0.00305379374185577
0.009700696537038311
0.015488311415538192
0.014068797114305198
0.0090843919897452
0.010145480860956013
0.026634793379344046
0.053926385939121246
0.0697596650570631
0.11307287961244583
0.21692430973052979
0.2568160519003868
0.16126257460564375
0.051493480219505734
0.00982851628214121
0.003911305160727352
0.0021082042658235878
0.000837970874272287
0.00037238762160995975
0.0002806203774525784
0.00020044057237100787
0.0001230704874615185
7.142514186853077e-05
3.7975666600686964e-05
1.8455192275723675e-05
9.297235237681889e-06
9.313822374679148e-06
1.4682783103125985e-05
2.2268736756814178e-05
2.961122254419024e-05
3.76107964257244e-05
4.595616610458819e-05
6.170436518004863e-05
8.701613842276856e-05
9.861577018455137e-05
9.049752588907722e-05
0.0001230268862855155
0.0003742505759873893
0.001699502157862298
0.004205047298455611
0.0067150077084079385
0.023362411651760336
0.22329335683025417
0.5989537425339222
0.675057977437973
0.35981482733041054
0.08855987133574673
0.009077736630388246
0.0003949745297404662
1.5865240413859286e-05
4.39289999576431e-06
5.8338796975476725e-06
7.583129558952351e-06
5.9963628586956474e-06
3.0440804295039925e-06
1.213819107448444e-06
4.5531955805699914e-07
4.15189195024368e-07
7.086800906108692e-07
3.1339378381289858e-06
1.3050000802650173e-05
0.00012159498896835429
0.0008798441294857183
0.0020282547411625274
0.00237372366245836
0.0019056825549341738
0.0011113658110843971
0.0003733676126103092
6.138773574093649e-05
1.2253592103661504e-05
1.0531643283684389e-05
1.6092343685158994e-05
2.195287970607751e-05
2.5431980247958563e-05
2.9228097901068395e-05
3.138220199616626e-05
3.1861671232036315e-05
3.321223903185455e-05
3.240353908040561e-05
2.7678118840412935e-05
2.099845141856349e-05
1.4171232578519266e-05
9.069533916772343e-06
6.724794729962014e-06
6.356672543006425e-06
7.393857686111005e-06
8.760497053117433e-06
1.0311561709386297e-05
1.2774884226018912e-05
1.37616530082596e-05
1.3045936384514789e-05
1.533146200927149e-05
2.0024669083795743e-05
2.7178541586181382e-05
4.234996640661848e-05
6.428834785765503e-05
7.608215673826635e-05
6.06062708357058e-05
3.692195650728536e-05
4.027733348266338e-05
9.099778571908246e-05
0.00025037408886419144
0.0006784038050682284
0.0011669735395116732
0.0013330969377420843
0.0013427870580926538
0.0011210083903279155
0.0006367721798596904
0.0005657855945173651
0.001130977485445328
0.001700270309811458
0.0017023604013957083
0.0013028016546741128
0.0009236713376594707
0.0008125137537717819
0.0008255150023614988
0.000846487411763519
0.0010388132359366864
0.0012222383229527622
0.0013966774276923388
0.0013940213684691116
0.0008251918752648636
0.00021752548445874711
2.8667783226410393e-05
4.316054719311069e-05
7.507597183575854e-05
5.871687642411417e-05
1.8332938175547046e-05
1.6071705459808074e-06
2.080428949113866e-06
3.7502903182939917e-06
3.982590385476215e-06
4.293839083402418e-06
1.9812588277545725e-05
4.96716158977506e-05
5.4489948979608016e-05
2.9679256385861667e-05
1.0861680380003236e-05
5.6926025990833296e-06
4.836465450352989e-06
5.773570137534989e-06
8.133465712489851e-06
1.1227978802708094e-05
1.3699367627850734e-05
1.797261984393117e-05
2.8801843654946424e-05
4.7377427108585835e-05
5.754808080382645e-05
5.148557829670608e-05
5.0969702897418756e-05
5.965948002994992e-05
5.7672970797284506e-05
3.92866054426122e-05
2.5233847281924682e-05
4.554923225441598e-05
0.00012685978390436503
0.00019427483312028926
0.00014620821548305685
6.003628868711531e-05
2.339062916689727e-05
1.5322369790737866e-05
1.5786569065312506e-05
1.811776769500284e-05
1.845608221628936e-05
2.610484125398216e-05
0.00025391305644006934
0.0031663534709878145
0.007285514453542419
0.012812632834538817
0.028605360304936767
0.04444854846224189
0.05581166781485081
0.2535251695662737
0.583122780546546
0.5403598211705685
0.20110184955410662
0.02422907948493958
0.0028314532246440653
0.0008665859058964998
0.0005276751762721688
0.00023069959570420906
0.0007598314696224405
0.0030030978014110588
0.005699500499758869
0.005485778907313943
0.0030498966807499532
0.0013155600972822867
0.0005486933223437518
0.00017579069208295553
4.95755184601876e-05
1.6831637140057865e-05
8.813471026769548e-06
6.495286129393207e-06
4.453722141306571e-06
2.1034586836776725e-06
8.224739644902003e-07
7.53781819184951e-07
2.3022878679057612e-06
8.34972374263998e-06
5.411165716395771e-05
0.0003612318173509265
0.0022286379971774295
0.0069776372984051704
0.011815373552963138
0.013155495980754495
0.015008277026936412
0.01694691996090114
0.012279730988666415
0.006601724540814757
0.005774978897534311
0.0061667547561228275
0.006501691765151918
0.008846819400787354
0.02268543397076428
0.05069786170497537
0.1049300404265523
0.17312503047287464
0.16092177014797926
0.07002049812581392
0.011982666881522165
0.0016199666424654426
0.0005019300842832308
0.00022768035887565932
9.448949731449831e-05
5.116229294799268e-05
5.2578718168661e-05
4.410935071064159e-05
2.9742106789854006e-05
1.7733886124915443e-05
1.051918366101745e-05
1.0176133400818799e-05
1.3709382074011955e-05
2.2927024929231266e-05
3.6581011499947635e-05
5.3690663662564475e-05
6.60499954392435e-05
7.97562715888489e-05
0.00011920614997507073
0.00015148776219575666
0.0001372843671560986
0.00010448270768392831
8.110453927656636e-05
9.363970457343385e-05
0.0002335681183467386
0.0006096758152125403
0.0013286957837408409
0.002231491351267323
0.0028669636230915785
0.0033817896619439125
0.005358320893719792
0.013308754074387252
0.027845346136018634
0.036243113689124584
0.03221655264496803
0.03126228600740433
0.05492760892957449
0.09603939671069384
0.10876435600221157
0.08270843513309956
0.05649362504482269
0.042876304127275944
0.02802659443113953
0.011194565449841322
0.002343999643926509
0.0008511609194101766
0.0006931445386726409
0.0008913708006730303
0.0011475499049993232
0.0008300784902530723
0.0002933964187832317
7.37763707547856e-05
3.2524105790798785e-05
2.053730190709757e-05
1.1070553000536165e-05
4.884199142907164e-06
3.888709784405364e-06
6.126518428573036e-06
8.805331276562356e-06
8.949260632107325e-06
7.350122245952662e-06
7.4712653486130876e-06
9.450861512050324e-06
1.0166077117901295e-05
9.176408411804005e-06
9.403000376551063e-06
1.0029585268966912e-05
9.529921499051852e-06
3.5671178125085135e-05
0.00018626381529429634
0.0008214332283387192
0.004613174460246228
0.01074392261216417
0.013357841176912189
0.01736524421721697
0.02389798150397837
0.02017052983865142
0.009370242594741285
0.014075719984248279
0.12278724496718495
0.2630134802311659
0.22007616981863978
0.08642377192154528
0.02121751997037791
0.0033970463045989168
0.000641460886981804
0.00017297007434535772
0.0002960034689749591
0.0008130305141094141
0.0014387992705451325
0.0015949406661093235
0.0010877549430006184
0.0004303945479477989
9.82700025815575e-05
2.3081266363078612e-05
1.4044358294995618e-05
1.3601313867184217e-05
1.759437986947887e-05
2.2956634438742185e-05
3.843621107080253e-05
6.918640428921208e-05
9.51082711253548e-05
9.125091037276434e-05
6.561299142049393e-05
7.534390260843793e-05
0.00020039567334606545
0.0008207633618440012
0.004868862190051004
0.015608234505634755
0.02596366568468511
0.02518973802216351
0.027216306421905756
0.1261487442534417
0.41591376904398203
0.683466300368309
0.5893036089837551
0.26006331061944366
0.05124691426317441
0.0034313732644477577
6.497849354047959e-05
6.725151262543251e-07
1.0454819587835118e-07
3.2013413253650924e-07
5.574476702463471e-07
3.9043650801318114e-07
4.536163302759632e-07
2.160967735420627e-06
1.4170629810905664e-05
0.00011427131857999483
0.0003273963493484189
0.00042096685501746833
0.0002910772127506789
0.000567570146813523
0.005351763549697352
0.015831862372579053
0.03909976780414581
0.08153963275253773
0.10097029991447926
0.06695489957928658
0.023177077469881627
0.004078961328559672
0.00032785968323878484
8.194862039090367e-05
5.04794365951966e-05
2.8830252631451007e-05
2.957227525257622e-05
5.0178932724520564e-05
7.085329434630694e-05
7.103814641595818e-05
4.953884172209655e-05
3.0073875677771866e-05
2.3281705125555163e-05
2.3790222257957794e-05
2.4444248083455022e-05
2.0673411199823022e-05
1.522314437352179e-05
1.0104476018568675e-05
6.821084639341279e-06
6.544299026245426e-06
9.902896977109776e-06
2.425955312901351e-05
5.14282346557593e-05
6.50837791908998e-05
5.12231436005095e-05
3.184557181157288e-05
1.8549896367403562e-05
1.2416027630024473e-05
1.3346635114430683e-05
1.3931975217928994e-05
1.2440622413123492e-05
1.3630468401970575e-05
2.333961288059072e-05
3.452116698099417e-05
3.496167209959822e-05
2.7961808882537298e-05
2.021598220380838e-05
2.066204797301907e-05
4.340125315138721e-05
8.049544430832611e-05
0.00012287112440390047
0.00039725191891193384
0.0021978396325721405
0.03290332283359021
0.24989010486751792
0.6001002639532089
0.675164595246315
0.42292230948805815
0.1629878850653768
0.04166927287587897
0.00832649249059614
0.0007725169743935113
0.0002145187318092212
0.00016180803868337534
0.00011082290893682512
4.7541575440845925e-05
9.871231839042595e-06
1.4684133233799914e-06
1.1432689319690326e-06
3.2396527771538786e-06
2.136896500815055e-05
5.164775825505785e-05
0.00015122625154617708
0.0003045700805159868
0.0002938467132480582
0.00015392558816529345
7.22653840057319e-05
3.576096150936792e-05
3.2438560083392076e-05
0.00014990180261520436
0.0004296643201087136
0.0006905540139996447
0.0006938841834198684
0.0004961320300935768
0.0003749626048374921
0.000444557961600367
0.0005428759177448228
0.0005071072009741329
0.00038050708099035546
0.00028455138817662373
0.0002576459592091851
0.00025096373428823426
0.0002230071731901262
0.00021024463785579428
0.0002700053773878608
0.00036157784779788926
0.00038505058182636276
0.00033891880593728274
0.0003372796199982986
0.00045757029147353023
0.0006200191783136688
0.0006635953177465126
0.000602996296947822
0.0005448001029435545
0.0004269967757863924
0.00027312899692333303
0.00022393824474420398
0.0002402402642474044
0.00023973215138539672
0.00030622892518294975
0.0006271561505855061
0.001179603539640084
0.0014328058750834316
0.0010731324946391396
0.000754924098146148
0.0014977567698224448
0.003973330050939694
0.009680069983005524
0.015320156468078494
0.012856019719038159
0.005343588360119612
0.001407470990670845
0.0006997543532634154
0.0003858008458337281
0.00016379512271669228
9.558341480442323e-05
0.00010709917296480853
0.00013361026140046306
0.0001925624965224415
0.00025683757121441886
0.00025764264864847064
0.0002118462070939131
0.00018563812045613304
0.00018717690909397788
0.00016554159265069757
0.0001041953692038078
5.522422452486354e-05
4.6504251258738805e-05
5.240433165454306e-05
5.061379397375276e-05
3.927106763512711e-05
2.923376359831309e-05
2.523876582927187e-05
2.1810687940160278e-05
1.545755128518067e-05
8.560117407796497e-06
5.705052785742737e-06
7.602721666444268e-06
9.887646228889935e-06
9.645287491366616e-06
9.40580730457441e-06
9.07603475752694e-06
8.301409707200946e-06
7.679489499423653e-06
6.7480505094863474e-06
8.609771612100303e-06
1.4597959534512484e-05
2.6084591354447184e-05
3.946265769627644e-05
4.0460339732817374e-05
3.055130309803644e-05
2.4855945866875118e-05
2.597669254100765e-05
2.5998208002420142e-05
2.14623528336233e-05
2.183671358579886e-05
3.984926024713786e-05
6.919432053109631e-05
7.622922385053243e-05
5.741743188991678e-05
6.706608110107481e-05
0.00011936099144804757
0.00014619194371334743
0.0001154622295871377
7.060521420498844e-05
3.930969978682697e-05
2.1045773337391438e-05
1.1319806503706786e-05
7.238383659569081e-06
1.566510161410406e-05
2.80923020454793e-05
3.0186157346179243e-05
3.57856797563727e-05
5.296261861076346e-05
9.261958166462136e-05
0.00012589510697580408
0.00010049129741673823
0.00011987309881078544
0.0005016162194806384
0.0010450131085235626
0.0014946562587283552
0.002339546423172578
0.005451470729894936
0.009859847545158118
0.014367166440933943
0.018896941794082522
0.0175182675011456
0.01000039407517761
0.0033922370635082193
0.0005069675025879407
1.2985739658688544e-05
9.947325793291384e-06
7.136184990486072e-06
5.15246256327373e-06
1.1908269812010984e-05
2.1920761241744913e-05
1.7491606740804855e-05
7.354582635343832e-06
5.962044042462367e-06
1.1575312441891583e-05
1.9244965187681373e-05
2.4447856048936956e-05
2.7024475457437802e-05
2.919742792073521e-05
3.141744355161791e-05
3.0113897082628682e-05
2.3793305444996804e-05
1.762579472597281e-05
1.530637428004411e-05
1.3601882301372825e-05
8.64998361294056e-06
3.831520416497369e-06
2.175215058741742e-06
4.757709803016041e-06
1.39465441293396e-05
2.5720288931552204e-05
3.671207332445192e-05
3.94687958760187e-05
2.71379587957199e-05
1.4594010735891063e-05
1.0676356396288611e-05
8.96303777153662e-06
7.346845904976362e-06
5.4821681487737806e-06
4.054566602462728e-06
3.6256855082683614e-06
3.028242872460396e-06
2.774243512249086e-06
7.4704090593513675e-06
4.0701579564483836e-05
9.830139515543124e-05
0.00010788954114104854
6.200912503118161e-05
3.3192778573720716e-05
3.1821032280276995e-05
3.284323065599892e-05
3.360274695296539e-05
2.9554366392403608e-05
2.1281229237501975e-05
1.888212636913522e-05
1.965107230716967e-05
1.688721135906235e-05
1.3651130757352803e-05
1.2312700846450753e-05
1.1190821851414512e-05
1.0634918226060108e-05
1.3705777064387803e-05
1.7016548554238398e-05
1.3430853982754343e-05
7.857170203351416e-06
1.6022649674596323e-05
6.324871537799481e-05
0.00011581522448977921
0.00012676400001510046
0.00012496653835114557
0.00012961385800736025
0.00013879079961043317
0.00012973891170986462
9.077674440050032e-05
5.2446273457462667e-05
3.341339652251918e-05
3.6448987430048874e-05
4.881679888057988e-05
5.246355704002781e-05
5.340424922906095e-05
5.5740541029081214e-05
4.553259486783645e-05
2.811386457324261e-05
1.9829975826723967e-05
2.7600846806308255e-05
4.053572274642647e-05
4.2529214624664746e-05
4.133245329285273e-05
4.046946014568675e-05
3.391216341697145e-05
4.2781696720339824e-05
6.445718827308156e-05
5.7950265272666e-05
2.9556272238551177e-05
1.3992024378239876e-05
1.3588220099336468e-05
2.008742103498662e-05
3.642369483713992e-05
8.819076902000234e-05
0.0003515226526360493
0.0016514723465661516
0.009330061075161211
0.052552652428857975
0.1729759005829692
0.31183256581425667
0.3099760115146637
0.16873744502663612
0.05339044402353466
0.014659051084890963
0.004476425776374526
0.001374506813590415
0.0006039545405656099
0.00041825458902167156
0.00035961082903668284
0.0005002045145374723
0.0007940369687275961
0.0008116164826788008
0.0004995308954676148
0.00022508945949084594
0.00010839601327461423
5.898489689570852e-05
4.4114906813774724e-05
9.629323176341131e-05
0.000622854618995916
0.0027790892381744925
0.007430938712786883
0.01562868116889149
0.02226401399821043
0.01993858302012086
0.011981706426013261
0.008852381375618279
0.17274771706433964
0.4936908441595733
0.512636287137866
0.218173704110086
0.039055071218172095
0.008219782786909493
0.0008534439439245035
0.00029625893148477195
8.141728312693886e-05
5.670052178174956e-05
0.000285745115888858
0.0009145880067080725
0.0014942730631446466
0.0015679995995014906
0.001559178956085816
0.0023253110121004283
0.004308747913455591
0.0192681202897802
0.138562883134
0.43403745722025633
0.7004607617855072
0.6224761307239532
0.2860112201888114
0.05418397290122813
0.002148677955119638
2.3780424701413953e-05
7.744281207422434e-07
2.8342632463207454e-08
6.3575744113641974e-09
5.662322721811108e-09
1.9228919734270988e-08
7.899820131385127e-08
4.163509528254394e-07
6.356117282280137e-06
3.824241596817046e-05
0.000178865215730184
0.0006870813322166214
0.0012370196491247043
0.0014110821357462555
0.0013238277606433257
0.0008074126981227893
0.00023080360324456708
4.130782508582343e-05
3.322108341308194e-05
0.0002490904780643177
0.0006629377785429824
0.0007705387979513034
0.00045343489728111313
0.000160185159984394
6.687656878057169e-05
6.06880166742485e-05
7.864960844017332e-05
0.0001432120152458083
0.0004109712717763614
0.0015096438801265322
0.010444139639730564
0.03606557659804821
0.06155318859964609
0.06451372895389795
0.04850363219156861
0.025332688819617036
0.008806482481304556
0.00369107979349792
0.0026337830640841275
0.0016810641973279419
0.0007060278148856015
0.00021258626748021928
6.230023063835688e-05
3.1167119232122786e-05
3.295668284408748e-05
4.602760509442305e-05
6.647632835665718e-05
7.5665020631277e-05
5.9338181927159894e-05
3.637397594502545e-05
2.214741471107118e-05
3.902361777363694e-05
0.00021019416817580347
0.0011643668203760171
0.0070584112545475355
0.01744955248432234
0.02111748489551246
0.01583536295220256
0.010088881710544229
0.007048159837722778
0.00496917063719593
0.0025846287899184976
0.0020303867349866778
0.009822398511460051
0.15353143832180646
0.459866757504642
0.5389236137270927
0.279213416390121
0.063541450916091
0.009023276652442293
0.0008036166254896672
0.0003022655018867227
9.134001629718115e-05
0.00012663364577747416
0.0011900728841283124
0.0036099957796977833
0.0049199521890841424
0.003592969296732918
0.0017150040075648578
0.0008751712011871859
0.0009354346839245409
0.0034860104933613907
0.009709262434625998
0.026050181360915303
0.13306054705753922
0.3998836325481534
0.6155591160058975
0.48895121924579144
0.17808116727974269
0.02018857368238969
0.0016655785780130832
0.00010558460621723499
1.0241135626642974e-05
2.315837207333971e-06
8.484215356929781e-07
4.651966101221206e-07
3.6205552333967717e-07
2.4390098367632614e-06
3.0637539012445814e-05
0.00011128323262710182
0.0006099005440773908
0.0011933775749639608
0.0011338899203110486
0.0015198572364170104
0.002031090174568817
0.0013491632562363522
0.0009106280922424048
0.0012867596960859373
0.0016882074414752424
0.009518123930320142
0.020503159961663187
0.019268246600404382
0.014797941781580448
0.014381728367879987
0.010812528198584914
0.005026963437558152
0.0013101437871227974
0.00019576053750824943
3.0353436159202832e-05
8.027369176488719e-06
5.479282435771893e-06
5.206657419876137e-06
9.286445674661081e-06
1.9244873669777007e-05
3.17233616442536e-05
4.0564621485827956e-05
3.566554528333654e-05
2.1762607957498403e-05
1.502295708633028e-05
1.5657309631933458e-05
1.6278937664537807e-05
1.3061932918390085e-05
7.440747026521422e-06
4.962260959473497e-06
9.513612553746498e-06
2.135333465957956e-05
3.126473939119023e-05
3.040946012333734e-05
2.3998154574655928e-05
2.3006303308648057e-05
2.8899847166030668e-05
3.457048660493456e-05
3.3627261018409627e-05
2.5822715997492196e-05
1.9685177448991453e-05
2.2076199002185604e-05
6.666192166449036e-05
0.0003422845120439888
0.0009833816875470802
0.0013886679953429848
0.0010121992163476534
0.0004257695654814598
0.00015807005183887668
9.117423905991018e-05
9.510435484116897e-05
0.0002967985965369735
0.0010819423587236088
0.0020838602213189006
0.0025047047529369593
0.002842850924935192
0.003076992405112833
0.0021697304109693505
0.000905954046174884
0.0006671335795545019
0.0009326847939519212
0.0007240140403155237
0.0003193738157278858
0.00018810442998073995
0.00018612019266583957
0.00014193061451805988
8.112655632430688e-05
5.643398708343739e-05
4.624624989446602e-05
2.6854840825762952e-05
1.3322892982614578e-05
2.979740042974299e-05
9.609819494471594e-05
0.0001319631737715099
7.264021382979992e-05
1.8030698356596986e-05
9.755310315995303e-06
7.925893896754133e-06
9.869312066257407e-06
1.727527455841482e-05
3.916965533790062e-05
8.189811478587217e-05
0.00012808172868972179
0.00018752312098513357
0.0002558615196903702
0.00023532061277364846
0.0001243849728780333
4.96434931847034e-05
3.384272395123844e-05
3.1008971745905e-05
6.701191932734218e-05
0.00019505451564327814
0.0003585510603443254
0.0004770081941387616
0.0005582706435234286
0.00068346229090821
0.0011191918893018737
0.001463542619603686
0.001027690519549651
0.000368275690561859
8.51640636483353e-05
1.7728484635881614e-05
1.0381963193140109e-05
1.8824207927536918e-05
4.5490116463042796e-05
0.00010694807588151889
0.00019384068946237676
0.00046211403241613874
0.0008882858601282351
0.0008977798570413142
0.00044394551241566665
0.00010875306043089951
3.9193080738186836e-05
7.436594432874699e-05
0.00011083084609708749
0.00010412965457362588
8.648533912491985e-05
7.621366785315331e-05
8.070045623753686e-05
0.00014695696518174373
0.00019586413873184938
0.00013122394284437178
0.00022858781085233201
0.001275442874430155
0.00683034308895003
0.012494927155785263
0.008722499027498998
0.0020523532057268317
0.00021439301417558454
0.0005917643484281143
0.0011394992761779577
0.0010974013748636935
0.0004762124081025832
7.380657325484209e-05
2.5544309210090432e-05
2.5382207923030364e-05
1.3658698776453095e-05
7.343742481680238e-06
1.0749873922577535e-05
1.0786814755192609e-05
6.500243614482316e-06
5.254365419204987e-06
1.14566821025619e-05
2.329796961930697e-05
3.292200563009828e-05
3.957922035624506e-05
4.207173697068356e-05
3.317896243970608e-05
2.1939051748631755e-05
1.5468307537958026e-05
1.2726805834972765e-05
1.6414342553616734e-05
2.533542419769219e-05
3.474869890851551e-05
3.388098912182613e-05
2.03533774083553e-05
9.234038998329197e-06
8.192388690986263e-06
1.0022824426414445e-05
1.050092646437406e-05
1.3765411949862028e-05
2.1831762069268734e-05
2.815170410030987e-05
2.6586147214402445e-05
2.2007116058375686e-05
1.830774385780387e-05
1.2269669014131068e-05
6.352982097723726e-06
4.402439685691206e-06
5.020712421810458e-06
6.31893794889038e-06
7.88960073805356e-06
1.5145336192290413e-05
0.00013093067582303775
0.001900256611406803
0.011017546035873238
0.030412720516324043
0.060021206736564636
0.08248609211295843
0.0738639160990715
0.055171809159219265
0.045347333420068026
0.030114335007965568
0.012934247322846206
0.004289355216315016
0.0015414047229569407
0.0007767071510897949
0.0004923470187350176
0.0002656680026120739
0.00010477654541318772
4.0453353449265705e-05
2.1991477524352376e-05
1.0897034258050553e-05
6.357357506203698e-06
6.849238729955687e-06
8.41192263578705e-06
9.448373930354137e-06
8.86513930709043e-06
6.015779945300892e-06
3.130504126147571e-06
2.8665465379162924e-06
6.7499115061764314e-06
1.740964592045202e-05
3.147277516291069e-05
3.803687468462158e-05
3.250282088629319e-05
2.1751434132966097e-05
1.4488715805782704e-05
1.3330580941328662e-05
2.161741440431797e-05
5.46634610145702e-05
9.765645972947823e-05
9.509879328106763e-05
5.059796285422636e-05
1.8288816818312625e-05
9.527552265353734e-06
1.0733278713814798e-05
1.6680358839948894e-05
2.356995219088276e-05
3.793834457610501e-05
0.00011515654432514565
0.0004111351008759811
0.001493948366260156
0.002571335673565045
0.0020692008693004027
0.0016704189765732735
0.003952490122173913
0.007382415875326842
0.008866362972185016
0.008964176289737225
0.009062625700607896
0.008215992012992501
0.005660273658577353
0.007688832120038569
0.17947914759861303
0.5529047604650259
0.6072693299502134
0.25124436430633074
0.028864230989711363
0.0061980118334759035
0.0007592836518597323
0.00039489730988862
0.0001508082314103376
0.00036317271587904537
0.0019682972560985945
0.0039317161426879466
0.003198971535312012
0.0010846770856005607
0.00016911913780859325
3.843652621071669e-05
1.3488256058735716e-05
6.172401526782778e-06
4.121754443531245e-06
2.9145426765353477e-06
2.050392566843584e-06
1.677511136222165e-06
1.373848391494903e-06
1.083026887727101e-06
1.3618747516375151e-06
2.618562149336867e-06
4.214985267481097e-06
4.821115339836979e-06
4.126314763652772e-06
3.1653032692702254e-06
2.8353404672998295e-06
2.899502248965291e-06
3.022327064172714e-06
3.0917232152205543e-06
2.5380116710493894e-06
1.6897388377401512e-06
1.9076931891959248e-06
4.487660021368356e-06
8.04275168775348e-06
8.91860656793142e-06
8.251773806478013e-06
1.0268726896356384e-05
2.6376611231171406e-05
8.46628654471715e-05
0.0006944408123672473
0.0036697889481729358
0.012127048685215414
0.020857429364696145
0.021145734935998917
0.044827813282608986
0.22260362422093746
0.5425302423536777
0.6981799155473709
0.5092427674680948
0.19001263505197133
0.024063062815457673
0.0004991010782333661
7.201615247254269e-06
3.257871448170136e-07
1.3678635113478776e-07
1.143787589086287e-07
1.079159179795397e-07
8.149188435169208e-08
6.175785571826964e-08
2.8375998706309247e-07
3.842750661675609e-06
6.0660302594328634e-05
0.0003108183359472605
0.0006060776140657254
0.0012843129079556093
0.0024080990842776373
0.0022818965080659837
0.0009893690003082156
0.00031090123229660094
0.00019932917894038837
0.00010075089267047589
5.690638136002235e-05
7.492905569961295e-05
0.00011723976604116615
0.0002151961798517732
0.00044167633313918486
0.0005386909324442968
0.00029858745620003907
7.391254894173473e-05
3.721164830494672e-05
6.763618421246065e-05
0.00012042689013469499
0.000146905400470132
0.0001310396874032449
8.985444765130524e-05
5.275997500575613e-05
3.730764910869766e-05
3.248613120376831e-05
2.708914780669147e-05
2.7730165129469242e-05
0.00011341172194079262
0.0008763389196246861
0.004732997709652409
0.013879726000595838
0.022252631606534123
0.019602287909947336
0.009119284877669998
0.002153076988179237
0.0007262280996656045
0.003546247695339843
0.01776889627217315
0.043200109619647264
0.06485523283481598
0.08109604381024837
0.08614743500947952
0.07004687562584877
0.0439315231051296
0.018204346561105925
0.003312189017378842
0.0003770796192839044
4.9296301995127585e-05
1.6927308024605736e-05
1.1604893416006234e-05
1.5219125998555683e-05
2.4006955754884984e-05
3.073052539548371e-05
2.7197122108191252e-05
1.7586155991011765e-05
1.36500780172355e-05
1.6377186966565205e-05
1.682926176727051e-05
1.278139802707301e-05
9.490062211625627e-06
8.77637876328663e-06
1.181942911898659e-05
1.6742618527132436e-05
1.767584535627975e-05
1.669670564297121e-05
1.5433883845616947e-05
1.0538660205838823e-05
5.09667455617091e-06
2.9682049671464483e-06
2.633452822919935e-06
2.884671459923993e-06
3.510792055294587e-06
4.4728543571181945e-06
7.4895600619129254e-06
1.2962497976332088e-05
1.926060986079392e-05
2.5117707536992384e-05
3.27401862705301e-05
5.790098202851368e-05
0.00010094959452544572
0.00011444546362326946
7.698428225921816e-05
3.27870336604974e-05
1.544952465337701e-05
2.8022173637509692e-05
7.30071178622893e-05
0.00016449738905066624
0.0002578047206043266
0.00042366817797301337
0.0008064201392699033
0.001052733845426701
0.0008722689817659557
0.0005894321657251567
0.0005125233146827668
0.0006001668225508183
0.0005783472224720754
0.000653405673801899
0.001143736248195637
0.0015671723813284189
0.0021745109697803855
0.01896597602171823
0.17019808606710282
0.495860543102026
0.7357484251260757
0.6080086957663298
0.24733487505000087
0.033143218079203514
0.0013624756741137391
1.2812079120294587e-05
1.4724590187142894e-06
1.5846367489302793e-06
1.7037449993040354e-06
1.2242770282000492e-06
5.76066597091085e-07
3.5500148243272633e-07
4.2619862483661564e-07
6.732748190074744e-07
1.8310109055619248e-06
1.8587629796229518e-05
7.329449420012679e-05
0.00015203341899905354
0.00024168413801817223
0.0006541036418639123
0.0013808509611408226
0.001423068140866235
0.0007457064057234676
0.0003590493506635539
0.000244257637859846
9.751869788487967e-05
2.026818810918485e-05
5.8048601658811094e-06
7.258407322296989e-06
1.1144831205456285e-05
1.5228733673211536e-05
2.158133156626718e-05
3.1398877126775915e-05
4.0988176806422416e-05
4.5119440073904116e-05
3.748846620510449e-05
2.2371777731677867e-05
1.5923384125926532e-05
2.6800391196957207e-05
4.626998179446673e-05
4.82818863929424e-05
3.245282323405263e-05
4.6258498969109496e-05
0.00013600170632344089
0.0007417915257974527
0.004427689054864459
0.02852008712943643
0.08475069492124021
0.13178727217018604
0.13143008388578892
0.10394950211048126
0.07999837771058083
0.06089406739920378
0.03610788797959685
0.014915989129804076
0.004455577171029291
0.0005086795163151693
6.205643558132579e-05
2.4531103463232288e-05
1.2555136777336884e-05
9.228597718902165e-06
1.0282262678629195e-05
1.108759693124739e-05
8.89172747520206e-06
7.806587291270262e-06
9.495895483269123e-06
3.3685074413369875e-05
0.00015643952724531118
0.00033584219818294514
0.00040578147309133783
0.0006033128156559542
0.0018607660167617721
0.00925712037133053
0.08305982197634874
0.3365468829870224
0.6045295968651772
0.5403814651072025
0.24895718554034832
0.057426989718806006
0.0059968914592900555
0.00039206914340184096
6.143127428970275e-06
7.680952265332054e-07
4.2165769542634735e-07
8.108037761189735e-07
1.0975988828931804e-06
1.8949385491850988e-06
1.0990612992145541e-05
5.9766791537185775e-05
0.0001241972240677569
0.00026765550137497485
0.0006358712089422625
0.0010002838826039806
0.0009346587394247763
0.0005643201438942924
0.0003039493276446592
0.00016467657951579895
9.395955567015335e-05
0.00012738805344270077
0.00024491469957865775
0.0003760534309549257
0.0003892455715686083
0.00029045621704426594
0.00019377753051230684
0.00013869629219698254
9.663575656304602e-05
6.719878911098931e-05
6.967957051529083e-05
9.912479072227143e-05
0.00013345267507247627
0.00018677954722079448
0.00027854807194671594
0.000345367421687115
0.0003310756874270737
0.0002622251195134595
0.00020343910728115588
0.0001872757129603997
0.0001707342053123284
0.00014047995864530094
0.00014541486962116323
0.00020761002451763488
0.00027773452893598005
0.0002541728099458851
0.00014426075540541206
6.850179488537833e-05
5.400289865065133e-05
6.677480814687442e-05
0.00010550794559094356
0.00016199866513488814
0.00022445576905738562
0.00030827011505607516
0.00047279082355089486
0.0008155518589774147
0.0012326626165304333
0.001470916235120967
0.0013931818830315024
0.0010459632467245683
0.0006636260732193477
0.00039598532021045685
0.0003749887182493694
0.000684083963278681
0.0009786109876586124
0.0008451593748759478
0.000470175851660315
0.0003457473503658548
0.0008808149359538219
0.0020966081938240677
0.0036861037369817495
0.004451836226508021
0.0031944538932293653
0.0014283557829912754
0.0007533567259088159
0.0006311601100605913
0.00045646111902897246
0.0002281908764416585
8.239741237048294e-05
2.7193314508622283e-05
1.178637171506125e-05
9.649030516811763e-06
1.1675040468617226e-05
1.7520114624858252e-05
2.3008698917692527e-05
2.29449206017307e-05
2.211287664977135e-05
3.4422497719788225e-05
7.417825736411032e-05
0.00013241774286143482
0.00018758037549559958
0.00019501665519783273
0.00013935560673417058
0.00010525246761972085
0.00011059007010771893
8.942152726376662e-05
5.4208477195061284e-05
4.114858984394232e-05
4.128042382944841e-05
7.890417327871546e-05
0.00018551386801846093
0.0002560020402597729
0.0001813014396248036
6.05686993822019e-05
1.1083358913310805e-05
6.1893834981674445e-06
5.177476396056591e-06
6.228462893886899e-06
1.5973692143234075e-05
4.42193904746091e-05
0.00010143987765331985
0.0001576017984916689
0.00015113220615603495
0.00010227409438812174
6.551050410052994e-05
3.8960146866884315e-05
2.6195658392680343e-05
3.622604481279268e-05
5.865938965143869e-05
6.306261229838128e-05
3.452896100952785e-05
9.46815345059804e-06
3.8847855421408894e-06
5.184454323625687e-06
9.022221661325602e-06
4.138135818720911e-05
0.0003489237669782596
0.002362750587053597
0.004804928263183683
0.006091498536989093
0.00760094472207129
0.007277125376276672
0.0055782211711630225
0.004286687675630674
0.0022144739050418143
0.0010608732991386205
0.0012616866442840546
0.001239769786479883
0.0007508911658078433
0.0002351285140775872
3.9439440115529585e-05
6.10833378686948e-05
9.816837746257079e-05
5.073493503005012e-05
5.467278583637381e-06
3.2686372151147225e-06
3.619890776462853e-06
3.7032702380201954e-06
3.01904697153077e-06
2.423132684725715e-06
2.4263812861136103e-06
2.1782401518066763e-06
1.1500225944871545e-06
4.1263929517754155e-07
1.4789580511376241e-06
5.601556630097093e-06
1.2197752539577777e-05
1.743645316309994e-05
1.6482400951645104e-05
1.0995767411259294e-05
9.02461738405691e-06
2.127593836576125e-05
6.400497795766569e-05
0.00010420892795082182
9.628042062104214e-05
8.44199639686849e-05
9.831828720052727e-05
0.00010063783156510908
8.257290392066352e-05
6.525864046125207e-05
5.17584976478247e-05
3.4228179401907255e-05
1.8031333183898823e-05
1.057207259691495e-05
9.613647307560313e-06
1.4296998415375128e-05
2.955147374450462e-05
5.206567811910645e-05
9.004502499010414e-05
0.00014816121984040365
0.0003409391938475892
0.0008692979208717588
0.00136983061383944
0.006694906973280012
0.08698797351098618
0.373596194665879
0.578150749206543
0.37112113833427435
0.10291486681671815
0.018337941437494013
0.001590615949680796
0.0007035280468699058
6.406580996554113e-05
1.3666398444911465e-05
3.9192597796500195e-05
0.00010161846694245469
0.0001924122389027616
0.0002872060940717347
0.000327988134813495
0.0002930012415163219
0.0002132422559952829
0.0001265174769287114
5.9814130963786745e-05
2.2794989376961897e-05
8.571785315325542e-06
3.675762457078236e-06
2.1067338877855946e-06
2.02798207737942e-06
2.4437097465579427e-06
2.849738621080178e-06
3.320243422422209e-06
4.083698399881541e-06
5.00208841458516e-06
6.133761189630604e-06
8.119095809888677e-06
1.1669147625070764e-05
1.754973163770046e-05
3.595066527850577e-05
0.0002884548994188662
0.0024667243142175717
0.013125263532856478
0.030747842509299517
0.04876037035137415
0.13465468492358923
0.37085282802581787
0.6073185279965401
0.5706770122051239
0.2992768408730626
0.07794972896226683
0.0073302410214637365
0.0001690680934984812
2.7687805861376096e-06
3.003131965328976e-07
8.170564846921025e-08
7.284843217547632e-08
6.369607596923288e-08
6.137074404222176e-08
8.747085900040474e-08
1.5846686451936876e-07
5.860821605807587e-07
2.6280055749339226e-06
5.254670867316236e-06
1.5802245911800128e-05
8.672378146457048e-05
0.0002503560608602129
0.00036364174593472853
0.0003675304469652474
0.0003116906937066233
0.00016169900936802153
3.6127407952335495e-05
7.563023359580257e-06
7.513168725381546e-06
3.610880037285824e-05
8.509270037393435e-05
0.00011640867342066485
0.00011478121086838655
8.486009664920857e-05
5.182319091545651e-05
3.906995425495552e-05
3.758055299840635e-05
4.190611798549071e-05
7.046819519018754e-05
0.0001111026867874898
0.00011559944869077299
8.627479746792233e-05
5.466123911901377e-05
3.3097931009251624e-05
2.4502374799340032e-05
2.2844449176773196e-05
3.140755507047288e-05
6.021976378178806e-05
0.00010344223028369015
0.0001320298651990015
0.00011119567352579907
6.670352377113886e-05
5.180140669835964e-05
5.617084570985753e-05
4.9773558657761896e-05
3.1544119337922893e-05
2.492477005944238e-05
0.000292579480628774
0.0019738237160709105
0.00457435438875109
0.006060341256670654
0.00616753741633147
0.005107757751829922
0.0032734005071688443
0.001553935311676469
0.0005597148701781407
0.0003537247175700031
0.005114512459840625
0.2136831157840788
0.6306272004731
0.674213781952858
0.2958012958988548
0.05274002670194023
0.00983675893803593
0.0008183536119759083
0.00035403281071921816
0.00010834518252522686
4.179851202934515e-05
4.446172351890709e-05
8.347242510353681e-05
0.0001252355195902055
0.00013258309809316415
9.550690720061539e-05
4.598165946845257e-05
1.6431957533313835e-05
5.729125575726358e-06
2.216169690427705e-06
1.5470483276658342e-06
2.1797581268856447e-06
2.5353259616167634e-06
1.980305114557268e-06
1.1412008120714745e-06
7.711933562859485e-07
1.0475239946572401e-06
2.6239398493999033e-06
9.974420549951901e-06
6.51589135713948e-05
0.0004501415787672158
0.001960584027983714
0.00793264660751447
0.019154074834659696
0.030289370100945234
0.0471024950966239
0.1285983184352517
0.34408518485724926
0.5725767835974693
0.5391204543411732
0.27029015123844147
0.06774755328660832
0.009519582533357608
0.0004381491594926957
9.03568386512177e-06
4.182196846613807e-07
3.8872866703343334e-08
4.147612031601966e-08
5.988902973541599e-08
7.862865558649901e-08
1.3548952004782677e-07
3.7811669706400153e-07
1.0551363232025324e-06
3.4788659633022685e-06
1.1497767729906627e-05
0.00013847221612195423
0.00048486815467185806
0.000761944058467634
0.0006701502716168761
0.0003915043816959951
0.0001721532316878438
4.893617514767357e-05
5.462394796040827e-06
2.542394241800139e-06
7.222539039730691e-06
1.233009845691413e-05
1.3406496691459324e-05
1.2913050568386097e-05
1.4478344837698387e-05
1.4733196167071583e-05
1.2226872513565468e-05
1.1906632380487281e-05
1.497843959441525e-05
1.8804455066856463e-05
2.2389786863641348e-05
2.4178157673304668e-05
2.583700052127824e-05
3.167336126352893e-05
3.934884352929657e-05
4.18726149291615e-05
3.507590054141474e-05
2.295581180078443e-05
1.3793610833090497e-05
1.150978755504184e-05
1.4399888641491998e-05
2.5007514750541304e-05
7.923009479782195e-05
0.00030386403432203224
0.0005673014711646829
0.0004938980237056967
0.0002647683577379212
0.0008704052706889341
0.005182293905818369
0.009974177228286862
0.009022047510370612
0.005974946892820299
0.0037035046261735265
0.001482375719206175
0.00037372787483036524
0.00016738634440116584
0.0002869146119337529
0.0012541783398773987
0.022148945703520436
0.2397530024172738
0.4931935556232929
0.3600809266790748
0.09756210981868209
0.01545297430129722
0.004723413061583415
0.0017406007100362333
0.0006410445494111627
0.0003486006608000025
0.0004966723354300484
0.0010513941087992862
0.0016686648450559005
0.0016426422516815364
0.0009750878634804395
0.00034851995496865135
8.01202008915425e-05
1.6506993574694206e-05
6.106557407292712e-06
4.373011279312777e-06
3.7166324204918055e-06
3.1896864243208256e-06
2.5191052088757715e-06
2.0071947233191167e-06
1.7433899017760268e-06
1.3784608228206707e-06
1.2019256416806456e-06
1.8790197628959504e-06
3.4874826724262675e-06
5.282115864702064e-06
8.086943012131087e-06
1.5681606782891322e-05
2.9150469117666944e-05
5.055194606029545e-05
8.586786861997098e-05
0.0001625257900741417
0.0002964307823276613
0.00046814118104521185
0.0007404429561574943
0.0014891950850142166
0.0030947912309784442
0.004399991827085614
0.0044440190540626645
0.004229824175126851
0.004563297261483967
0.006788029568269849
0.02195179322734475
0.04603412630967796
0.06318781618028879
0.12525944411754608
0.20837438851594925
0.17830826714634895
0.07443681522272529
0.016394619364291433
0.0029010974540142347
0.0006377167555911002
0.00018801882288244087
0.00010499202289793175
9.860872705758084e-05
0.0001423382946086349
0.0001891013525892049
0.0001789943689800566
0.0001198914305859944
6.0436439071054344e-05
2.9425637421809373e-05
1.928252800098562e-05
1.4274778095568763e-05
1.1677058864734136e-05
1.119619400924421e-05
1.0495476999494713e-05
1.0153265293411096e-05
1.2504646974775824e-05
1.5161684814302134e-05
1.5489086990783107e-05
1.4000121836943435e-05
1.1607210581132676e-05
9.589564797352068e-06
7.836441795916471e-06
6.543972631334327e-06
1.2519122833509755e-05
3.8630899325653445e-05
9.814397617446957e-05
0.0002600705665827263
0.0011691569852700923
0.005307426938088611
0.010969409137032926
0.01244392991065979
0.014686711365357041
0.13394246879033744
0.4531610128469765
0.7240741774439812
0.615153543651104
0.25388420303352177
0.037014586931036327
0.002398934487246152
9.667027075010993e-05
9.497140169401065e-06
1.6980107204744854e-06
4.242169481472047e-06
6.991501265929401e-06
5.474513955050497e-06
2.6691613754792343e-06
1.542493095030295e-06
1.0271855330756807e-06
5.353812717601159e-07
2.223548953850241e-07
2.888544123891279e-07
1.6072698549862705e-06
8.032381316525061e-06
4.3336763269508076e-05
0.00021590849382846497
0.00043925450881943107
0.0005340206989785656
0.000581321342906449
0.000559867883566767
0.0003700093620864209
0.0001289034464662109
1.4004319268678957e-05
8.022009751584847e-06
1.538252615773672e-05
2.32554848480504e-05
3.610734074754873e-05
7.525579894718248e-05
0.00011824809189420193
0.00011192535384907387
7.209387149487156e-05
4.022539860670804e-05
2.7160244826518465e-05
3.4127754133805865e-05
5.207272079132963e-05
6.121648129919777e-05
5.5415623137378134e-05
4.622233518603025e-05
4.6916300561861135e-05
5.864179456693819e-05
5.6579860029160045e-05
3.429059165682702e-05
1.719744864203676e-05
1.2390779602355906e-05
1.0976707471854752e-05
9.594435596227413e-06
1.0109775530509069e-05
1.5357341908384115e-05
2.0912054424115922e-05
2.1091950657137204e-05
2.2483105112769408e-05
2.9641241326316958e-05
4.4186587729200255e-05
6.409620891645318e-05
7.14367488399148e-05
7.574407936772332e-05
9.628947373130359e-05
0.00011203440590179525
0.00011189699216629378
0.00010190813918597996
7.391044300675276e-05
3.752896486730606e-05
1.867044102255022e-05
5.9611679034787805e-05
0.0003676338956211111
0.0009373935899930075
0.0011775958846556023
0.0008635214762762189
0.00042579078217386274
0.00014661412023997403
7.084741264407057e-05
0.00014673741497972514
0.00033997392347373534
0.0005559819401241839
0.0005096273271192331
0.00022618207549385264
4.7004371936054674e-05
4.579466167342616e-05
0.00020317339067332793
0.0006737219537171768
0.0014405420370167121
0.0021241384383756667
0.0021771373285446316
0.0014718782185809687
0.0006236261287995148
0.0001677762097642699
3.859888352053531e-05
1.4874880093884714e-05
7.5313811294108746e-06
4.824778159218113e-06
3.416409754208871e-06
2.907252508066449e-06
3.948903099626477e-06
5.670306904903555e-06
5.679620244336547e-06
7.0633609539072495e-06
2.2915420572644507e-05
4.959224111189542e-05
5.424318351288093e-05
3.310561305625015e-05
1.5354981314885663e-05
9.389569299855793e-06
6.8025122459403065e-06
4.1596429696255655e-06
3.283270132214966e-06
6.985677885040786e-06
1.614866732779774e-05
2.3355613393505337e-05
2.1451010070450138e-05
1.875288353403448e-05
2.2451563836511923e-05
2.372294147789944e-05
1.871735321401502e-05
2.1051990643172758e-05
2.8099236715206644e-05
2.358458573326061e-05
1.7374241451761918e-05
2.6515736180954264e-05
5.1739982154686004e-05
6.2712404087506e-05
4.1595674701966345e-05
2.7589534056460252e-05
3.375891083123861e-05
4.495826487982413e-05
5.7336796999152284e-05
5.20158664585324e-05
2.8668623485827997e-05
1.0697408924897902e-05
4.146505546032131e-06
2.5151563818326395e-06
2.627799574383971e-06
3.2558544944549794e-06
4.374689524411224e-06
8.822546590181446e-06
2.2682439976051683e-05
5.253733706922503e-05
8.688512116350466e-05
0.00010906443094427232
0.00012561163021018729
0.00012209661690576468
8.319301923620515e-05
4.363334528534324e-05
2.581878834462259e-05
2.2160077605803963e-05
2.2801541945227655e-05
2.1082059447508072e-05
2.0178869817755185e-05
2.026775746344356e-05
1.7597090618437505e-05
1.3321618098416366e-05
1.031990746014344e-05
1.3949024832982104e-05
2.500609480193816e-05
3.0333186259667855e-05
2.5152022772090277e-05
2.458120025039534e-05
3.9067982015694724e-05
4.8738113036961295e-05
3.436797805989045e-05
2.1390254914877005e-05
2.4696974378457526e-05
2.395412343503267e-05
1.5175642374742894e-05
8.913208944250073e-06
6.89579189838696e-06
8.223218060265935e-06
1.5742252230666054e-05
2.9304000236152206e-05
3.908289363607764e-05
3.477115797068109e-05
2.4002401005418506e-05
2.0934390249749413e-05
3.0997421163192485e-05
4.192375581624219e-05
3.89361557608936e-05
4.954307041771244e-05
0.0001081029249689891
0.00018537865253165364
0.00020557652169372886
0.00015241221262840554
9.16371236598934e-05
5.564799994317582e-05
2.9346493192861093e-05
1.3224945860201844e-05
1.2595080079336185e-05
1.744360565680836e-05
1.633337979001226e-05
1.2850466646341374e-05
1.4265051504480653e-05
2.4140446839737706e-05
4.563480069919024e-05
6.365133413055446e-05
7.835212818463333e-05
0.0001123527945310343
0.0001574891557538649
0.00019690149201778695
0.00019510940910549834
0.00012968695136805763
5.7108779401460204e-05
2.1774493916382198e-05
1.1490927818158525e-05
1.0548133786869585e-05
1.9837917761833523e-05
4.3423252463981044e-05
5.879475884285057e-05
4.73408058496716e-05
2.9723070838372223e-05
3.2973710858641425e-05
7.590190944029018e-05
0.00013113641398376785
0.00014586653196602128
0.00012774624883604702
0.00010344165093556512
7.769356852804776e-05
5.016272007196676e-05
2.5199883111781677e-05
1.7385490991728147e-05
3.029892059203121e-05
3.766156578421942e-05
2.740286527114222e-05
2.8363386263663415e-05
5.141386554896599e-05
7.215164441731758e-05
6.596562525373884e-05
3.979224857175723e-05
2.103850556522957e-05
1.7383017166139325e-05
1.9040077859244775e-05
2.7012868940801127e-05
7.669993146919296e-05
0.00016187145047297236
0.00021599417959805578
0.00021751327221863903
0.00016198077810258837
7.423508463944017e-05
1.9581130743517864e-05
4.765607968693075e-06
2.231032965482882e-06
2.717316306188877e-06
5.493030585057568e-06
9.321029779130185e-06
1.208136177410779e-05
1.6571516425756272e-05
2.6261392804372008e-05
9.58401838033751e-05
0.00037343611711548874
0.0009162746864603832
0.0013985098921693861
0.0012770873290719464
0.0006776327900297475
0.00026652327505871654
0.00018147223090636544
0.0002115352326654829
0.0002227986515208613
0.00016286912250507157
0.0001103635167964967
9.35238967940677e-05
7.404480948025594e-05
8.244440687121823e-05
0.00013111250063957414
0.00016377244537579827
0.00017188261699629948
0.00021725800979766063
0.00039265586019610055
0.0005787807385786436
0.0005187569477129728
0.0003368015313753858
0.00031287779711419716
0.00048474810319021344
0.000979145428573247
0.0016993914759950712
0.0019370545633137226
0.0013348164429771714
0.0004906468120680074
7.857380614950672e-05
1.7195274381265335e-05
9.008894153339497e-06
7.1634589176028385e-06
8.98595692433446e-06
1.2427190540620359e-05
1.4156850056679104e-05
1.191803664823965e-05
8.240998113251408e-06
6.65446964376315e-06
6.328193421722972e-06
5.558184739129501e-06
6.33214744993893e-06
9.719500326355046e-06
1.4426089137486997e-05
0.00015377079239442534
0.0012959291293554995
0.004339681283454411
0.02084195555653423
0.04195949202403426
0.04313653148710728
0.03346574306488037
0.020642297924496233
0.007589811444631779
0.002353562187636271
0.0028779985004803166
0.0045031021581962705
0.003312398752314039
0.0010228742321487518
0.00018200415070168674
0.00013458888406603364
7.295703386489549e-05
1.4919419275116755e-05
9.292736038446492e-07
9.296986352325119e-06
3.652982229596091e-05
6.181015032780124e-05
5.491902084031608e-05
3.210930617569829e-05
2.5362549422425218e-05
3.599114052121877e-05
4.660257218347397e-05
4.728376734419726e-05
3.9023120734782424e-05
2.9735920634266222e-05
3.0105910809652414e-05
3.7452703963936074e-05
3.8478583064716076e-05
3.233330562579795e-05
5.006506262361654e-05
0.00010822066587934387
0.00014300141992862336
0.0001044835235006758
4.625127849067213e-05
1.8887769783759722e-05
1.2611487136382493e-05
1.1245052746744477e-05
8.53850946214152e-06
5.003897967981175e-06
6.203111468039424e-06
7.981665009992865e-05
0.0002957220692678675
0.0007616636648890562
0.0020590209896909073
0.003787767665926367
0.019469009246677157
0.26782812492456287
0.6638715583831072
0.6033481126651168
0.20177181485632903
0.01221564057050273
0.0010106844420079142
0.0006085479935791227
0.00015840806781852737
1.2906058373118869e-05
6.939884315215749e-06
2.6203675815850144e-05
6.301052280832664e-05
8.519869334122632e-05
7.405583437503083e-05
4.845450257562334e-05
2.676733083717409e-05
1.3590987009592938e-05
7.3941473601735205e-06
5.104634055896895e-06
4.642808107746532e-06
3.912515637694014e-06
2.863006045572547e-06
2.4575676889071474e-06
2.4401452378697286e-06
2.0059622443113767e-06
1.2282256278695058e-06
8.490062839427992e-07
1.2610010884372969e-06
2.809926343161351e-06
4.591358674588264e-06
5.045649459134438e-06
6.411488129742793e-06
1.0182125379287754e-05
1.2076609209543676e-05
1.343760777672287e-05
2.501442236280127e-05
5.39559450771776e-05
9.195392431138316e-05
0.00012720958329737186
0.0001832485904742498
0.00034787788172252476
0.0009480904482188633
0.0019030793919228017
0.002093740156851709
0.0012608929828274995
0.0004978645411028992
0.00019816511849057863
9.724463416205253e-05
6.735367151122773e-05
5.4377059313992504e-05
9.196606242767302e-05
0.00019751455420191633
0.00029265064949868247
0.00033096740662585944
0.00030817033257335424
0.00022434835409512743
0.0001304441066167783
6.21994931861991e-05
2.5837439579845526e-05
1.3963383025838993e-05
1.1927019158974872e-05
2.3258949568116805e-05
4.4439881094149314e-05
6.423451304726768e-05
7.945480865600985e-05
9.649550156609621e-05
0.00010979893704643473
0.00011160771464346908
0.00015111728498595767
0.00021021070642746054
0.00019718241674127057
0.0001496333788963966
0.00011854539843625389
7.524795864810585e-05
3.0297176181193212e-05
9.004027390346891e-06
4.448262870937469e-06
5.855991787484527e-06
9.976272053791035e-06
1.553933225295623e-05
2.2336084384733113e-05
2.8523777473310474e-05
3.7227614484436344e-05
4.628490296454402e-05
4.3238566831860226e-05
3.343042953929398e-05
2.9689723305637017e-05
3.161709901178256e-05
2.9384322260739282e-05
2.3946349756442942e-05
2.7618554668151774e-05
3.6492037907009944e-05
3.9132963138399646e-05
3.4144071378250374e-05
2.5315825496363686e-05
1.6649534472890082e-05
9.870069675343984e-06
6.10440838499926e-06
7.012141281848017e-06
1.0379913646829664e-05
1.5231217275868403e-05
3.2501408668395015e-05
7.244815833473695e-05
9.665666948421858e-05
7.006758642091881e-05
4.229767182550859e-05
5.474835052154958e-05
7.350036503339652e-05
6.500969266198808e-05
4.51673959105392e-05
3.982900580012938e-05
5.003635942557594e-05
6.409303387044929e-05
7.777119026286528e-05
9.05748202058021e-05
0.0001291341814066982
0.00016198410230572335
0.0001278368381463224
0.00010352166100346949
0.00012131483708799351
0.00012026855984004214
0.0001447907416149974
0.0003259203949710354
0.0010360139640397392
0.003942907540476881
0.01984032616019249
0.05394566780887544
0.06879124697297812
0.04030310845701024
0.010172730544582011
0.005214475502725691
0.00729441101429984
0.004683442821260542
0.001603591699677054
0.0006966764776734635
0.0008034050770220347
0.0009343627752969041
0.0005710331006412162
0.00016683090461810937
1.9144753423461225e-05
1.6489459540025564e-05
1.6576469533902127e-05
1.3990168099553557e-05
1.185745395559934e-05
2.5707586701173565e-05
5.53813119950064e-05
5.98186525166966e-05
3.6366406220622594e-05
2.396789523118059e-05
1.9920862996514188e-05
1.0783698826344336e-05
4.197464846811272e-06
2.1241400247618003e-06
3.97612333813413e-06
1.6802333078658194e-05
5.858731560692831e-05
0.0003371843358763726
0.0035152048403688236
0.015831613389309496
0.061085237190127366
0.21564240381121633
0.4826904349029064
0.6446260809898376
0.5028089284896851
0.20805094786919656
0.037364129646448425
0.003583379511837848
0.0006659044347543387
0.00012070905609107287
2.1555102534875917e-05
6.453976538978168e-06
5.516323085430486e-06
6.314923439276754e-06
5.374532349833316e-06
4.155348960921401e-06
4.524070448042039e-06
1.7336754240204755e-05
5.323666846379638e-05
9.970858536689775e-05
0.00012270189108676277
8.924833582568681e-05
3.397512818992255e-05
1.0995151797033031e-05
8.128287959152658e-06
1.8803365037456388e-05
0.00013451931420149776
0.0003271714604125009
0.00040727567102294415
0.00041865634557325393
0.000518728127644863
0.0006336526566883549
0.0005797703197458759
0.0003971550249843858
0.0002625498455017805
0.00018667626864043996
0.000121778833999997
0.0001244025261257775
0.0003977796113758813
0.001362315844744444
0.0051189171790611
0.011272943753283471
0.014246464241296053
0.013024571118876338
0.011402831645682454
0.009883405524306
0.007450206903740764
0.005252275499515235
0.006536947563290596
0.013530391501262784
0.021160611184313893
0.03803345188498497
0.09783361991867423
0.16811804100871086
0.16895272210240364
0.10325266467407346
0.034416882379446186
0.004349370385170915
0.0008394034884986469
0.00032455057953484356
0.0001798506436898606
6.950263195903972e-05
1.7900890242117388e-05
2.4657510664383157e-06
9.992142793180392e-07
1.4187914700869442e-06
2.100540825722419e-06
2.897414617564209e-06
3.5591372693488665e-06
3.7438175013448927e-06
4.239695329033566e-06
5.2078869430260966e-06
5.652878371620318e-06
5.669142069564259e-06
6.576216719622607e-06
1.2992203551220882e-05
2.634238421705959e-05
3.9883990666567115e-05
5.0257589464308694e-05
6.779760497011011e-05
0.00019551214063540098
0.0006150052577140741
0.0012700246006716043
0.00224273867206648
0.010040129069238901
0.16038718918571246
0.503851234447211
0.7239272594451904
0.5638314001262188
0.22330695553682747
0.03473712965205778
0.0035575741949287485
0.00017107632083934734
4.6056411520112306e-05
5.1322419494681526e-05
3.599745332394377e-05
1.7525182556710206e-05
1.238690879290516e-05
1.2058314950991189e-05
9.771697250471334e-06
5.701425607185229e-06
2.7477299795464205e-06
1.3505523597245883e-06
5.639278963798233e-07
1.6994225404687316e-07
2.1017031848202802e-07
1.334950493259157e-06
6.506922815674442e-06
0.00010617643738441983
0.00037769828941236483
0.000644595485937316
0.0006612633806071244
0.0005061720294179395
0.0003352899821038591
0.00014110958250057595
2.5175644623232077e-05
2.2753026996724657e-05
4.1020453409146285e-05
4.7149901547527406e-05
3.588291565392865e-05
2.3099552890926134e-05
2.2848943444842007e-05
5.536109529202803e-05
0.00011920719134650426
0.00014498304517474025
0.0001009000279736938
5.374244392442052e-05
4.473364333534846e-05
5.118560238770442e-05
5.435859475255711e-05
5.480574691318907e-05
5.181599590287078e-05
4.4157608499517664e-05
3.574888842194923e-05
3.316430502309231e-05
3.7927399262116523e-05
4.7742184506205376e-05
9.393534128321335e-05
0.0002544065773690818
0.0004461242897377815
0.00040020841515797656
0.0001681813855611836
4.9922504331334494e-05
7.15537616997608e-05
0.0001449005776521517
0.00031181682061287574
0.0006844963354524225
0.000991609224001877
0.0007638929091626778
0.00028497388348114333
5.0191288323730994e-05
1.2860058859587298e-05
4.977128185146284e-05
0.0001717600512165518
0.00043083023047074676
0.000974035487161018
0.0015358626114903018
0.0013791086967103183
0.0006406972388504074
0.0001482335414948466
2.655644834703708e-05
1.3386712453211658e-05
3.407900544516451e-05
6.188828956510406e-05
6.998331355134724e-05
5.798934762424324e-05
4.214528098600567e-05
3.64823708878248e-05
4.229452815707191e-05
4.5608093387272675e-05
4.178622202744009e-05
3.948421090171905e-05
4.597108909365488e-05
5.605954811471747e-05
6.0378742091415916e-05
6.24867125225137e-05
6.46710750515922e-05
5.3359170124167576e-05
3.303273297206033e-05
2.818530992954038e-05
4.3389683924033307e-05
5.816418524773326e-05
5.3982827012077905e-05
4.124683255213313e-05
3.3858613278425764e-05
3.161757376801688e-05
3.1950248740031384e-05
3.054208991670748e-05
2.7921496439375915e-05
2.6708670247899136e-05
2.7688040972861927e-05
3.574911852410878e-05
7.028521122265374e-05
0.00012642966885323403
0.00014428584108827636
0.00011271097355347592
7.68680811233935e-05
4.5803824377799174e-05
2.194463354499021e-05
1.371839039165934e-05
1.4330696785691543e-05
1.7524297845739056e-05
2.000456879613921e-05
1.9643707219074713e-05
1.9236671505495906e-05
1.9980415345344227e-05
2.137734554708004e-05
2.095956187986303e-05
1.496689174018684e-05
9.895460152620217e-06
1.1577734767342918e-05
1.334907528871554e-05
9.83878828719753e-06
5.543430916077341e-06
5.191215564082086e-06
7.577834594485466e-06
8.337999020113784e-06
6.448466137953801e-06
9.251221513295604e-06
3.7635980334016494e-05
0.00013521848813979886
0.00035104814742226154
0.0005051410917076282
0.0003903220858774148
0.00018056615408568177
5.7521467851984205e-05
1.851581009759684e-05
5.408054562394681e-05
0.00010982372168655274
0.0003135086808470078
0.0010098725524585461
0.0021242573420749977
0.01907614571973681
0.2632000120356679
0.6893017254769802
0.682304410263896
0.2664621360599995
0.03305048029869795
0.00561567749537062
0.0007627475933986717
0.0003069330286962213
0.00011712142531905557
7.409284626191948e-05
0.00016546159986319253
0.0003839135006273864
0.000481231851154007
0.00030473755577986594
0.0001333935433649458
0.0003341219980939058
0.0014810891043453012
0.004558877873932943
0.009958992479369044
0.01412638882175088
0.016148033551871777
0.06284701963886619
0.29812793154269457
0.640598002821207
0.6673235073685646
0.3420891778077931
0.07418119782232681
0.002868793650350199
0.0001501406608923617
6.854538145972812e-07
1.570077650114854e-07
3.9803615159428313e-07
8.18365720078873e-07
1.0822590184034198e-06
1.10967771149717e-06
1.0752196715202444e-06
1.1538157167478857e-06
1.127437670334075e-06
9.023177369726909e-07
8.133760474038354e-07
7.888431383662464e-07
6.472221087960861e-07
1.1309622465205393e-06
7.678337695438131e-06
3.0705073697845364e-05
0.0003321388840049621
0.0007256421522470191
0.0006928449001861736
0.00048805905680637807
0.0003030363586731255
0.00011936847226934334
3.1979268783288724e-05
5.0583536221893155e-06
6.030239205756516e-06
9.525729979031894e-06
1.2898261047666892e-05
1.9325073253639857e-05
3.3281863579759374e-05
4.979430059393053e-05
4.704990624304628e-05
2.489237795089139e-05
1.0567191793597885e-05
9.44940416047757e-06
1.4652809795734356e-05
2.1957681610729196e-05
2.1699739818359376e-05
1.4608392802983873e-05
5.7565540146242704e-05
0.0026434761641667133
0.016817480980535038
0.0336445476859808
0.028857972472906113
0.012892345781438054
0.006407603621482849
0.004410534049384296
0.0018326346325920897
0.0010002946655731648
0.001992024088394828
0.03065883211093023
0.2831683538388461
0.6178500838577747
0.5135157899931073
0.16132430097786712
0.012910317309433596
0.001805236825020984
0.001045198085193988
0.0004969041765434667
0.00032765283685876057
0.0004675165400840342
0.0005354566092137247
0.0005682918417733163
0.0005795854813186452
0.0005507235910044983
0.000520424080605153
0.0004281228320905939
0.00027622920242720284
0.00014429862676479388
6.365111971717852e-05
2.110513150910265e-05
5.538624748169242e-06
3.2688606097508455e-06
5.247742876690609e-06
8.97543043265614e-06
1.3035106348979753e-05
1.5274839597623213e-05
1.3715289014726295e-05
1.0723789728217525e-05
9.403885314895888e-06
8.587274464844086e-06
6.9104637532291235e-06
6.6235116946700145e-06
8.840590226100176e-06
1.9566440414564568e-05
0.00011578515409382816
0.0011223895135117345
0.006944256754650268
0.020950534904841334
0.031093324068933725
0.023251938400790095
0.008635026810225101
0.0018175673249061222
0.0004670984617405339
0.00014058840497455094
0.00010101711632160004
0.00018103531147062313
0.000325290337059414
0.0004781555035151541
0.0006401157297659665
0.0007337769930018112
0.000695508104399778
0.0006267531425692141
0.00048455168143846095
0.00027466700703371316
0.00014816233488090802
0.0001309034378209617
0.00020524778119579423
0.0003416113540879451
0.00040539345354773104
0.00035354543069843203
0.0003252263486501761
0.0002863842419174034
0.00016394285648857476
6.418710700017982e-05
3.3158736187033355e-05
4.3821004965138854e-05
6.296249648585217e-05
5.400014788392582e-05
3.198727608832996e-05
2.050581088042236e-05
1.5615092024745536e-05
1.508783998360741e-05
1.685463689682365e-05
1.3660493664247042e-05
6.990468307321863e-06
3.3028208008545334e-06
3.300521314031357e-06
4.573752676151344e-06
4.71531700441119e-06
6.593006332877849e-06
3.099620130342373e-05
6.909668036314542e-05
7.535529493907234e-05
6.381475395755842e-05
6.530786504299613e-05
0.0
