0.0
0.0
0.0
0.0
0.0
0.0
0.0
63.328309380342674
63.328309380342674
63.328309380342674
62.474377033287794
49.8807529181162
55.79193470898616
36.628713000339374
43.35729245403312
42.76025603166793
43.06134780322189
43.06134780322189
43.06134780322189
42.76025603166793
42.141892423986945
41.50062131644942
41.50062131644942
42.45383492638228
43.648263008993254
43.648263008993254
43.93442391244566
43.648263008993254
41.50062131644942
41.17085247938414
40.49185013898772
40.14209399107353
40.14209399107353
40.14209399107353
39.7851258703449
39.7851258703449
39.7851258703449
39.7851258703449
39.7851258703449
39.7851258703449
39.42064208182268
39.42064208182268
39.42064208182268
39.42064208182268
39.42064208182268
39.04831933437518
39.04831933437518
39.04831933437518
39.04831933437518
39.04831933437518
39.04831933437518
39.04831933437518
39.42064208182268
39.42064208182268
39.42064208182268
39.42064208182268
39.42064208182268
39.42064208182268
39.42064208182268
39.42064208182268
39.7851258703449
39.7851258703449
39.7851258703449
39.7851258703449
39.7851258703449
39.7851258703449
39.7851258703449
39.7851258703449
39.7851258703449
40.14209399107353
40.14209399107353
40.14209399107353
40.49185013898772
40.49185013898772
41.17085247938414
41.17085247938414
41.50062131644942
41.50062131644942
41.50062131644942
41.50062131644942
41.82422588765265
41.82422588765265
41.82422588765265
41.82422588765265
41.50062131644942
41.50062131644942
41.50062131644942
41.50062131644942
41.50062131644942
41.17085247938414
41.17085247938414
40.834679965348975
40.834679965348975
40.49185013898772
40.14209399107353
39.42064208182268
39.04831933437518
39.04831933437518
39.04831933437518
39.42064208182268
39.7851258703449
40.14209399107353
40.14209399107353
40.49185013898772
40.834679965348975
41.17085247938414
41.17085247938414
41.17085247938414
41.17085247938414
41.17085247938414
40.834679965348975
41.17085247938414
41.17085247938414
41.17085247938414
41.17085247938414
40.834679965348975
40.834679965348975
41.17085247938414
41.50062131644942
41.50062131644942
41.50062131644942
41.50062131644942
41.50062131644942
41.50062131644942
41.82422588765265
41.82422588765265
42.141892423986945
42.141892423986945
42.141892423986945
42.141892423986945
42.141892423986945
41.82422588765265
41.82422588765265
41.82422588765265
41.82422588765265
41.82422588765265
41.82422588765265
41.82422588765265
41.82422588765265
41.82422588765265
42.141892423986945
42.141892423986945
41.82422588765265
42.141892423986945
42.141892423986945
42.141892423986945
42.141892423986945
42.141892423986945
42.141892423986945
42.141892423986945
42.141892423986945
41.82422588765265
42.141892423986945
42.76025603166793
42.76025603166793
42.76025603166793
42.76025603166793
42.45383492638228
42.76025603166793
42.76025603166793
43.06134780322189
43.06134780322189
43.35729245403312
43.35729245403312
43.35729245403312
43.648263008993254
43.648263008993254
43.648263008993254
43.93442391244566
44.215931586333525
44.49293494369003
44.49293494369003
44.215931586333525
44.215931586333525
44.49293494369003
44.49293494369003
44.215931586333525
44.215931586333525
44.215931586333525
44.215931586333525
44.215931586333525
44.215931586333525
44.215931586333525
44.215931586333525
43.93442391244566
43.93442391244566
43.93442391244566
43.93442391244566
43.93442391244566
43.93442391244566
43.648263008993254
43.648263008993254
43.93442391244566
43.93442391244566
43.93442391244566
43.93442391244566
43.93442391244566
43.93442391244566
43.93442391244566
43.93442391244566
43.93442391244566
43.93442391244566
43.93442391244566
44.215931586333525
44.215931586333525
44.215931586333525
44.215931586333525
44.215931586333525
44.215931586333525
44.215931586333525
44.215931586333525
44.215931586333525
44.215931586333525
44.215931586333525
44.215931586333525
44.215931586333525
44.215931586333525
43.93442391244566
43.93442391244566
43.93442391244566
43.93442391244566
43.648263008993254
43.06134780322189
42.76025603166793
43.06134780322189
43.648263008993254
43.648263008993254
43.648263008993254
43.648263008993254
43.35729245403312
0.0
0.0
0.0
0.0
0.0
0.0
0.0
0.0
0.0
0.0
0.0
0.0
0.0
0.0
0.0
0.0
0.0
0.0
0.0
0.0
0.0
0.0
55.648263008993254
62.08089781187577
50.27875528533859
34.316972065030626
43.93442391244566
0.0
0.0
0.0
0.0
0.0
0.0
0.0
0.0
0.0
0.0
0.0
0.0
0.0
0.0
0.0
0.0
0.0
0.0
29.824225887652652
41.50062131644942
40.834679965348975
39.7851258703449
39.42064208182268
39.04831933437518
38.66781301764712
38.66781301764712
38.66781301764712
38.66781301764712
38.66781301764712
38.66781301764712
38.66781301764712
39.04831933437518
39.04831933437518
39.04831933437518
39.42064208182268
39.42064208182268
39.7851258703449
39.7851258703449
39.7851258703449
39.7851258703449
40.49185013898772
40.49185013898772
40.49185013898772
40.834679965348975
41.17085247938414
41.50062131644942
41.50062131644942
41.50062131644942
41.50062131644942
41.82422588765265
42.141892423986945
42.141892423986945
42.141892423986945
42.45383492638228
42.45383492638228
42.76025603166793
42.76025603166793
43.06134780322189
43.35729245403312
43.648263008993254
43.648263008993254
43.93442391244566
43.93442391244566
44.215931586333525
44.215931586333525
44.215931586333525
44.215931586333525
44.215931586333525
44.215931586333525
44.215931586333525
44.215931586333525
44.215931586333525
44.215931586333525
44.215931586333525
43.93442391244566
43.93442391244566
43.93442391244566
43.93442391244566
43.93442391244566
43.648263008993254
43.648263008993254
43.648263008993254
43.648263008993254
43.648263008993254
43.648263008993254
43.648263008993254
43.648263008993254
43.93442391244566
43.93442391244566
43.93442391244566
44.215931586333525
44.215931586333525
44.49293494369003
44.49293494369003
44.49293494369003
44.215931586333525
43.648263008993254
43.648263008993254
43.93442391244566
44.215931586333525
44.76557586169103
44.49293494369003
43.648263008993254
0.0
0.0
0.0
0.0
0.0
0.0
0.0
0.0
0.0
0.0
0.0
0.0
0.0
0.0
0.0
0.0
0.0
0.0
0.0
0.0
0.0
0.0
0.0
0.0
0.0
21.815129956695102
44.76557586169103
43.35729245403312
43.06134780322189
43.06134780322189
42.76025603166793
42.45383492638228
41.17085247938414
40.834679965348975
39.7851258703449
39.7851258703449
39.42064208182268
39.42064208182268
39.42064208182268
39.42064208182268
39.42064208182268
39.42064208182268
39.7851258703449
39.7851258703449
39.7851258703449
40.14209399107353
40.14209399107353
40.14209399107353
40.14209399107353
40.49185013898772
40.49185013898772
40.49185013898772
40.834679965348975
40.834679965348975
40.834679965348975
40.834679965348975
40.834679965348975
40.834679965348975
40.834679965348975
40.834679965348975
40.834679965348975
40.834679965348975
40.834679965348975
40.834679965348975
41.17085247938414
40.834679965348975
0.0
0.0
0.0
0.0
0.0
0.0
0.0
0.0
0.0
0.0
0.0
0.0
0.0
0.0
0.0
0.0
0.0
0.0
0.0
0.0
0.0
0.0
0.0
0.0
0.0
0.0
0.0
0.0
0.0
0.0
0.0
0.0
0.0
44.215931586333525
44.215931586333525
43.648263008993254
43.06134780322189
42.76025603166793
42.76025603166793
43.06134780322189
43.06134780322189
43.06134780322189
43.06134780322189
43.06134780322189
43.06134780322189
43.06134780322189
43.06134780322189
43.06134780322189
43.35729245403312
43.35729245403312
43.35729245403312
43.35729245403312
43.35729245403312
43.35729245403312
43.35729245403312
43.35729245403312
43.35729245403312
43.648263008993254
43.648263008993254
43.648263008993254
43.648263008993254
43.648263008993254
43.648263008993254
43.648263008993254
43.648263008993254
43.648263008993254
43.648263008993254
43.648263008993254
43.648263008993254
43.648263008993254
43.648263008993254
43.648263008993254
43.648263008993254
43.648263008993254
43.648263008993254
43.35729245403312
43.35729245403312
43.35729245403312
43.35729245403312
43.35729245403312
43.35729245403312
43.35729245403312
43.35729245403312
43.35729245403312
43.35729245403312
43.35729245403312
43.06134780322189
43.06134780322189
43.06134780322189
43.06134780322189
43.06134780322189
43.06134780322189
43.06134780322189
43.35729245403312
43.35729245403312
43.35729245403312
43.06134780322189
43.35729245403312
43.35729245403312
43.06134780322189
43.06134780322189
43.06134780322189
0.0
0.0
0.0
0.0
0.0
0.0
0.0
0.0
0.0
0.0
0.0
0.0
0.0
0.0
0.0
0.0
0.0
0.0
0.0
0.0
0.0
0.0
0.0
0.0
0.0
0.0
0.0
0.0
0.0
0.0
0.0
0.0
0.0
0.0
0.0
0.0
0.0
0.0
0.0
0.0
0.0
0.0
0.0
0.0
0.0
0.0
0.0
0.0
0.0
0.0
0.0
0.0
0.0
0.0
0.0
0.0
0.0
0.0
0.0
0.0
0.0
0.0
0.0
0.0
0.0
0.0
0.0
0.0
0.0
0.0
0.0
0.0
0.0
0.0
0.0
0.0
0.0
0.0
0.0
0.0
0.0
0.0
0.0
0.0
0.0
0.0
0.0
0.0
0.0
0.0
0.0
0.0
0.0
23.74070602301405
43.06134780322189
43.06134780322189
42.76025603166793
42.45383492638228
42.45383492638228
42.45383492638228
42.45383492638228
42.45383492638228
42.76025603166793
42.76025603166793
42.76025603166793
42.76025603166793
42.76025603166793
42.76025603166793
42.76025603166793
42.76025603166793
42.45383492638228
42.45383492638228
42.45383492638228
42.76025603166793
42.76025603166793
42.76025603166793
42.45383492638228
42.45383492638228
42.45383492638228
42.45383492638228
42.45383492638228
42.45383492638228
42.141892423986945
42.141892423986945
41.82422588765265
41.82422588765265
41.50062131644942
41.50062131644942
41.50062131644942
41.50062131644942
41.50062131644942
41.50062131644942
41.50062131644942
41.82422588765265
41.82422588765265
41.17085247938414
41.82422588765265
41.82422588765265
41.82422588765265
41.82422588765265
41.82422588765265
41.82422588765265
41.82422588765265
41.82422588765265
41.82422588765265
41.82422588765265
41.82422588765265
42.141892423986945
42.141892423986945
42.141892423986945
41.82422588765265
41.82422588765265
41.82422588765265
42.141892423986945
42.141892423986945
42.76025603166793
42.76025603166793
42.76025603166793
42.45383492638228
42.141892423986945
41.17085247938414
40.834679965348975
43.35729245403312
43.648263008993254
0.0
0.0
0.0
0.0
0.0
0.0
0.0
0.0
0.0
0.0
0.0
0.0
0.0
0.0
0.0
0.0
0.0
0.0
0.0
0.0
0.0
0.0
0.0
0.0
0.0
0.0
0.0
0.0
0.0
0.0
0.0
0.0
0.0
0.0
0.0
0.0
44.49293494369003
43.93442391244566
43.35729245403312
43.06134780322189
43.35729245403312
43.35729245403312
43.648263008993254
43.648263008993254
43.648263008993254
43.93442391244566
43.93442391244566
44.215931586333525
44.215931586333525
44.215931586333525
44.215931586333525
44.215931586333525
44.49293494369003
44.49293494369003
44.49293494369003
44.49293494369003
44.215931586333525
43.648263008993254
43.35729245403312
43.648263008993254
44.76557586169103
44.76557586169103
44.49293494369003
47.279016249238424
47.04347056825124
46.56254129574721
46.316972065030626
34.316972065030626
46.316972065030626
46.56254129574721
34.80467587899877
30.453834926382278
45.03398961803248
45.55864614718429
45.55864614718429
45.55864614718429
45.55864614718429
45.29830529399247
45.03398961803248
44.76557586169103
44.76557586169103
44.49293494369003
44.49293494369003
44.49293494369003
44.49293494369003
44.76557586169103
45.29830529399247
45.29830529399247
45.29830529399247
45.29830529399247
45.29830529399247
44.76557586169103
44.215931586333525
43.648263008993254
45.29830529399247
45.29830529399247
45.29830529399247
45.03398961803248
45.29830529399247
46.06786934302906
46.316972065030626
42.76025603166793
30.453834926382278
37.05619991710803
0.0
46.316972065030626
46.06786934302906
45.8151299566951
45.55864614718429
45.03398961803248
45.03398961803248
44.76557586169103
44.76557586169103
44.76557586169103
44.76557586169103
44.76557586169103
44.76557586169103
44.76557586169103
44.76557586169103
44.76557586169103
45.03398961803248
45.03398961803248
45.03398961803248
45.03398961803248
44.76557586169103
44.76557586169103
44.49293494369003
44.215931586333525
44.215931586333525
44.49293494369003
44.49293494369003
43.93442391244566
43.93442391244566
44.215931586333525
44.215931586333525
44.215931586333525
44.215931586333525
44.215931586333525
43.93442391244566
43.93442391244566
44.215931586333525
44.49293494369003
44.49293494369003
44.49293494369003
44.49293494369003
44.49293494369003
44.215931586333525
44.215931586333525
44.215931586333525
44.215931586333525
44.215931586333525
44.215931586333525
44.215931586333525
44.215931586333525
44.215931586333525
43.93442391244566
43.93442391244566
43.93442391244566
43.93442391244566
43.93442391244566
43.93442391244566
43.648263008993254
43.648263008993254
43.648263008993254
43.35729245403312
43.35729245403312
43.35729245403312
43.35729245403312
43.35729245403312
43.35729245403312
43.35729245403312
43.06134780322189
42.76025603166793
41.82422588765265
41.82422588765265
41.82422588765265
41.82422588765265
41.17085247938414
41.17085247938414
41.50062131644942
41.82422588765265
41.82422588765265
41.82422588765265
41.82422588765265
41.82422588765265
41.82422588765265
42.141892423986945
42.141892423986945
42.141892423986945
43.06134780322189
43.06134780322189
43.35729245403312
43.35729245403312
43.35729245403312
43.06134780322189
43.06134780322189
43.35729245403312
43.35729245403312
43.06134780322189
43.06134780322189
43.35729245403312
43.06134780322189
43.06134780322189
43.06134780322189
43.06134780322189
0.0
0.0
0.0
0.0
46.06786934302906
46.80467587899878
46.56254129574721
46.06786934302906
45.8151299566951
45.55864614718429
44.76557586169103
45.03398961803248
45.03398961803248
45.03398961803248
44.76557586169103
44.76557586169103
44.76557586169103
44.76557586169103
44.76557586169103
44.49293494369003
44.49293494369003
44.49293494369003
44.49293494369003
44.49293494369003
44.49293494369003
44.76557586169103
44.76557586169103
44.76557586169103
44.76557586169103
44.76557586169103
44.76557586169103
44.76557586169103
44.76557586169103
44.76557586169103
44.76557586169103
44.49293494369003
44.49293494369003
44.49293494369003
44.215931586333525
44.215931586333525
44.215931586333525
44.215931586333525
44.215931586333525
44.215931586333525
44.215931586333525
44.215931586333525
44.215931586333525
44.215931586333525
44.215931586333525
44.215931586333525
44.215931586333525
44.215931586333525
44.215931586333525
44.215931586333525
44.215931586333525
44.215931586333525
44.215931586333525
44.215931586333525
44.49293494369003
44.49293494369003
44.49293494369003
44.49293494369003
44.49293494369003
44.49293494369003
44.49293494369003
44.49293494369003
44.49293494369003
44.49293494369003
44.49293494369003
44.49293494369003
44.49293494369003
44.49293494369003
44.49293494369003
44.49293494369003
44.49293494369003
44.49293494369003
44.49293494369003
44.49293494369003
44.49293494369003
44.49293494369003
44.49293494369003
44.76557586169103
44.76557586169103
44.76557586169103
44.76557586169103
44.76557586169103
44.76557586169103
44.76557586169103
44.76557586169103
44.76557586169103
44.76557586169103
44.76557586169103
44.76557586169103
44.76557586169103
44.76557586169103
44.76557586169103
44.76557586169103
44.76557586169103
44.76557586169103
44.76557586169103
44.76557586169103
44.76557586169103
44.76557586169103
44.76557586169103
44.76557586169103
45.03398961803248
45.03398961803248
45.03398961803248
45.03398961803248
45.03398961803248
45.03398961803248
45.03398961803248
45.03398961803248
45.29830529399247
45.29830529399247
45.03398961803248
44.76557586169103
44.76557586169103
44.76557586169103
44.76557586169103
44.76557586169103
44.76557586169103
44.49293494369003
44.76557586169103
45.55864614718429
43.648263008993254
44.49293494369003
44.76557586169103
44.76557586169103
44.76557586169103
0.0
0.0
0.0
0.0
0.0
0.0
0.0
0.0
0.0
0.0
0.0
0.0
0.0
0.0
0.0
0.0
0.0
0.0
0.0
0.0
0.0
0.0
0.0
0.0
0.0
0.0
0.0
0.0
0.0
0.0
0.0
0.0
0.0
0.0
0.0
0.0
0.0
0.0
0.0
46.316972065030626
46.316972065030626
53.336522073684506
53.17085247938414
53.00358218788965
0.0
0.0
0.0
0.0
0.0
0.0
0.0
0.0
0.0
0.0
0.0
0.0
0.0
0.0
0.0
0.0
0.0
0.0
0.0
0.0
0.0
0.0
0.0
0.0
0.0
0.0
0.0
0.0
0.0
0.0
0.0
0.0
0.0
0.0
0.0
0.0
0.0
0.0
0.0
0.0
0.0
0.0
0.0
0.0
0.0
