1.0
0.45807595481164753
0.7519596219062805
0.5900105871260166
0.20202990839243287
0.01748207399373314
6.551232468154923e-05
4.495580327557037e-06
2.196247066876822e-06
3.94388072777474e-06
4.953546522301622e-06
5.4392149877458e-06
7.383661341009429e-06
8.778697019806712e-05
0.0003756425835490518
0.0005347305523173418
0.00028682448646577546
8.212718603317626e-05
0.00022988642194832207
0.005327736998879117
0.02471281454199925
0.05069214291870594
0.06262109242379665
0.07171131111681461
0.081045962870121
0.05888350983150304
0.020730752206873152
0.003138329964713194
0.0006819834161433391
0.00032663069214322604
0.00015104157500900328
0.00015509175500483252
0.00041479329229332507
0.0008734221919439733
0.0011426211276557297
0.0011211017263121903
0.0009215822647092864
0.0005566596264543477
0.00024672007566550747
0.00011301550057396527
5.641003508571885e-05
2.613009314700321e-05
1.0665858781067072e-05
5.51888211930418e-06
4.667602183872077e-06
6.815372728397051e-06
7.986469086063153e-06
6.995439434831496e-06
7.1205776066562976e-06
1.0659000508894678e-05
2.0705609358628863e-05
4.19212965425686e-05
8.235065615735948e-05
0.00015704831275797915
0.00023287547810468823
0.00022753912344342098
0.00015220814202621114
8.394785209020483e-05
3.919350433534419e-05
1.4187681699695533e-05
7.493783868994797e-06
1.0138694960915018e-05
1.9436648244663957e-05
3.285313914602739e-05
4.74674907309236e-05
9.22916979106958e-05
0.0002607835667731706
0.0004948259374941699
0.0005081197887193412
0.00029027133678027894
0.00013762223534286022
0.0002737208105827449
0.0008245814278780017
0.001289344232645817
0.0010449426408740692
0.0005065219156676903
0.00021236383327050137
0.00010905936778726755
5.337588856946241e-05
1.5705115174569073e-05
3.993136203916947e-06
2.739103194926429e-06
2.7029529974242905e-06
3.1698288580628287e-06
4.035662584556121e-06
4.494097879614856e-06
4.501801072365197e-06
9.640536745791906e-06
4.4342465344016084e-05
0.00014301035889729974
0.0002520517009543255
0.00032783253845991567
0.00042240913899149746
0.0004365183413028717
0.00029140206424926873
0.0001322850257565733
4.649426387004497e-05
1.2767762541443519e-05
4.7659586357440276e-06
3.4056341746691032e-06
4.78372970746932e-06
1.3013184002375054e-05
4.518729815572442e-05
0.00015790180987096392
0.0003104939478362212
0.0003209449496353045
0.00019611558855103797
0.00011922042176593095
0.00014893005391058978
0.00022797145720687695
0.00026563826031633653
0.00020483977641561069
0.00010554902746662266
5.2450402108661365e-05
6.438648142648162e-05
0.00014615159398090327
0.00026029569198726676
0.0003240431469748728
0.0003608722909120843
0.0005103977091494016
0.000810676152468659
0.0026159995468333364
0.009142901457380503
0.022816412267275155
0.04174333717674017
0.04957650601863861
0.03372493095230311
0.01256337983068079
0.0038332575350068514
0.0024867635511327535
0.0017736022418830544
0.0009956112189684063
0.0004986444255337119
0.00024362629665120042
0.0001227841930813156
4.248122326089288e-05
8.249654996461688e-06
3.305606128378713e-06
1.1417336025942857e-05
3.2181089409277774e-05
5.2161861276545096e-05
6.223799573490396e-05
6.265837419050513e-05
5.324819812813075e-05
4.754811106977286e-05
4.247665674483869e-05
3.209130318282405e-05
2.9117009034962393e-05
2.9953440844110446e-05
2.410400156804826e-05
1.7878303424367914e-05
2.4033892259467393e-05
0.0001254789767699549
0.001002770181003143
0.007079496936057693
0.029219527612440285
0.05836325790733099
0.06667561735957861
0.05012266477569938
0.024178412684705112
0.005698313758330188
0.0003236039092371357
6.91804143571062e-05
0.0001367076156384428
0.0002034937024291139
0.00037660625093849376
0.0012019193709420506
0.003947651959606446
0.008559602370951325
0.014709694776684046
0.015552851313259453
0.006895943392009942
0.0005509899065145875
6.626091635553166e-05
3.2718432066758396e-05
1.8066113057102484e-05
9.59997294103232e-06
4.9108499524663785e-06
3.7718193652835907e-06
2.939457885986485e-06
1.8317837771064662e-06
1.4273844328727137e-06
1.8910561152551963e-06
2.4831334428654372e-06
2.6193246753791755e-06
2.6173852916144824e-06
2.6357274123256502e-06
2.11413149031614e-06
1.4060512114610901e-06
1.2096609509626433e-06
1.298949172223729e-06
1.0999931276955977e-06
6.952249975711311e-07
6.82706840393621e-07
1.0717082830069558e-06
1.2763996153353219e-06
1.208140417929826e-06
1.3077572589281772e-06
1.7566777898991859e-06
3.088007730411846e-06
4.798613304046739e-06
6.787318852730095e-06
9.568099812895525e-06
9.8133857591165e-06
6.444640575864469e-06
3.3782738455556687e-06
2.89069430436939e-06
4.9591541255722404e-06
1.0882515653065639e-05
2.6176428718827083e-05
5.424270466392045e-05
7.539408034062944e-05
7.35065132175805e-05
6.587749885511585e-05
6.392287650669459e-05
6.624464549531695e-05
6.663171006948687e-05
6.164457954582758e-05
0.0001542904028610792
0.0007246513032441725
0.0032672808229108337
0.008847335178870708
0.013323413208127022
0.01323826564475894
0.010304715018719435
0.006242514646146447
0.0031313465151470155
0.001474699594837148
0.00044116695153206825
7.961113760757145e-05
1.877325257737539e-05
7.792580049681419e-06
5.54813385633679e-06
4.3235357907178695e-06
5.772249949131947e-06
9.093170888263558e-06
1.2185728337499313e-05
1.687021904217545e-05
2.2571679210159346e-05
4.617905051418347e-05
0.0002519913177820854
0.0005076636261946987
0.0004024739637316089
0.00014676345017505812
6.628185656154528e-05
5.169448377273511e-05
3.081291743001202e-05
3.720088716363534e-05
5.624019468086772e-05
4.743060253531439e-05
2.2490189934387672e-05
1.4539928713475092e-05
0.00010008234434621953
0.00025720383655425394
0.0002626121049615904
0.00011259458108270338
1.8926157508758482e-05
4.786720637639519e-06
2.228773482215729e-06
6.203493083667412e-07
8.151868557959575e-08
1.4686155402898748e-08
3.8227903065291e-08
1.7834587628939855e-07
3.7297125565771694e-07
6.033742891986549e-07
1.7349572019043078e-06
7.383403101357543e-06
3.351728423695022e-05
0.00010492695855646161
0.0005963524818071164
0.0011136922039440833
0.0009405580494785682
0.0012350189790595323
0.005579347212915308
0.010229771374724805
0.0071357933920808145
0.0017404150858055805
0.0003134791913907975
0.00032679397554602474
0.000246451038037776
0.00017752847634255886
0.0002256290226796409
0.0003315398971608374
0.0007368698934442364
0.0021650194394169375
0.0037906742363702506
0.004012920777313411
0.0036184682976454496
0.005764573230408132
0.023341788793914017
0.05732191540300846
0.06661232048645616
0.0356023302047106
0.0069998501649024564
4.454925749541872e-05
6.9288314534787796e-06
1.7477932487963699e-06
2.3409816094499547e-06
1.0234778414996981e-05
0.00011570359606594137
0.0006313811882137088
0.0023296785220736638
0.006760278367437422
0.01195747614838183
0.01253016502596438
0.008852188009768724
0.006035400787368417
0.00558691774494946
0.005141241999808699
0.004587576724588871
0.005283972073812038
0.005960377398878336
0.005532340612262487
0.005535079981200397
0.0061317328363657
0.004404266583151184
0.001390070960042067
0.00014022829145687868
3.112060869625566e-05
9.106060758767853e-06
3.423891826059844e-06
1.5550429992572392e-06
5.856795723957475e-07
3.5847637036567903e-07
4.473824191109088e-07
6.528569684860486e-07
6.697783305753546e-07
5.520868171515758e-07
5.233048767649962e-07
5.423058553333249e-07
4.4751907779527755e-07
2.7661056023475794e-07
3.2208568256919534e-07
7.837769651075632e-07
1.4292651542291424e-06
1.7719474669775082e-06
1.7158084801849327e-06
1.6208634576742043e-06
2.301665404047526e-06
4.685233250256715e-06
1.0018241141551698e-05
1.7018162225213018e-05
2.641404171299655e-05
6.694232661175192e-05
0.00017504364859632915
0.00031575331377098337
0.0004009664335171692
0.000540108943823725
0.0017915874632308257
0.005687343262252398
0.01367962989024818
0.020609297323971987
0.017501702532172203
0.008664246648550034
0.003425686241826043
0.0016926535608945414
0.0008081899868557231
0.0004552877217065543
0.0004921608997392468
0.00038391311682062224
0.0001548708896734752
4.8974903620546684e-05
3.409593546166434e-05
2.67229638666322e-05
2.0524887986539397e-05
1.4333721424009127e-05
6.4901595919764085e-06
3.1047464403854974e-06
3.3037396747204184e-06
3.831334595361113e-06
5.4716646218366805e-06
1.7832922026173037e-05
7.349293832703552e-05
0.00019114849601464812
0.0002802514936774969
0.0003096077562076971
0.00038960698293522
0.0005019072195864283
0.0005255722062429413
0.0004583503323374316
0.0007524849934270605
0.0045957006950629875
0.08451235652319154
0.31714122788980603
0.4700813814997673
0.31303397193551064
0.08581501765002032
0.006396288248652128
0.0004107456043129787
0.00036612318945117295
0.00025192954490194097
0.00015629051631549373
0.00016749062342569232
0.00031503332138527185
0.000983551399258431
0.001949722834979184
0.0018957620195578784
0.000862796099681873
0.00018283271674590654
4.0395697851636214e-05
1.3877928097372207e-05
4.580701386203145e-06
2.300530070442619e-06
2.6359069238424127e-06
3.702208573486132e-06
4.9895180609382805e-06
5.464462333293341e-06
4.861813977186102e-06
4.450543087841652e-06
4.540289182841661e-06
4.469459327083314e-06
4.49116964773566e-06
5.711384574169642e-06
8.424431712228397e-06
1.1814464869530639e-05
1.3964929166832007e-05
1.5508762771787588e-05
2.4672582867424353e-05
8.177610561688198e-05
0.00025860342157102423
0.000505573505506618
0.0010349058138672262
0.002462471296894364
0.004138011718168855
0.00401801525731571
0.0021206301753409207
0.0006056389447621769
0.00012449326436581032
2.4234274405898763e-05
1.1315680467305356e-05
1.6248976862698328e-05
1.869592551884125e-05
1.4211768188943097e-05
8.268863666671677e-06
7.509592819587851e-06
9.17345869311248e-06
7.373073231065064e-06
3.3075088481382413e-06
1.5627039715582214e-06
4.902187640709599e-06
9.36363443315713e-06
8.035406551698543e-06
5.544608256968786e-06
7.556494381333323e-06
9.160820809483994e-06
6.831899611370318e-06
3.839380269710091e-06
3.001580523687153e-06
3.5882388829122647e-06
4.417134732648265e-06
4.435862592799822e-06
3.901971581399266e-06
4.906507456325926e-06
1.205283706440241e-05
6.135424109743326e-05
0.00039843375361670036
0.003347533012856729
0.03540399082703516
0.15644762362353504
0.3149681054055691
0.30357613414525986
0.13402262376621368
0.029900631634518508
0.015560580417513847
0.01865022419951856
0.021909951698035002
0.013217449362855406
0.003577691459213384
0.0008665456844028087
0.0002555347691668431
4.556572002911708e-05
1.024651794523379e-05
5.530664111574879e-06
4.608188874044572e-06
3.845795959023235e-06
2.5524159354972653e-06
1.237325420788693e-06
7.339066883105261e-07
1.1100436836386507e-06
1.5829262451916293e-06
1.4316279788317843e-06
9.63408027132573e-07
7.512047517366227e-07
8.633482053710395e-07
1.0278991169343499e-06
9.601423727190195e-07
7.926324343543456e-07
1.1174327738672218e-06
3.3880124163943033e-06
6.391600663846475e-06
6.2583866906607e-06
3.992114955053694e-06
3.6891495369673066e-06
5.608386288713518e-06
7.4219390171492705e-06
8.178513553502853e-06
8.889752280083485e-06
9.712082146506873e-06
9.029717830344453e-06
6.686840606562328e-06
4.340813006820099e-06
3.2139115546669927e-06
2.7130478201797814e-06
1.968585223721675e-06
1.6772710864643159e-06
2.049625237532382e-06
2.2028699504517135e-06
1.965444681673034e-06
1.7535257370582258e-06
1.8461688853221858e-06
2.273701511512627e-06
3.26665139027682e-06
1.6308230897266185e-05
0.00010665875697668524
0.0005597362714979681
0.0017256340943276882
0.003421469737077132
0.004663010942749679
0.0041868579282891005
0.002311066025868058
0.000800242109107785
0.00022562974118045534
8.103622440103209e-05
6.599377411475871e-05
8.112094019452343e-05
0.00010306726471753791
0.00011609675311774481
0.00012675603647949174
0.0001304516499658348
0.00013388902880251408
0.00015592066665703896
0.00015393565081467386
0.00011235106649110094
7.283200739038875e-05
4.7811971853661817e-05
3.275234757893486e-05
2.4438878881483106e-05
1.9146919612467173e-05
1.4706963611388346e-05
1.054628978636174e-05
8.054944601099123e-06
8.138113344102749e-06
8.44409487399389e-06
6.63576736315008e-06
4.632342836430325e-06
3.65828395842982e-06
3.461868857357331e-06
4.306528467168391e-06
6.288593340286752e-06
8.518166055182519e-06
9.294105893786764e-06
9.149885727310902e-06
9.410812481291941e-06
7.951734289690648e-06
4.022547628323991e-06
1.126657920735852e-06
2.795706720348789e-06
3.3727078871947924e-05
7.609972612954152e-05
7.111188187991502e-05
4.119091636312078e-05
2.5703833671286702e-05
1.996786431845976e-05
1.493076297265361e-05
8.293906603284995e-06
3.470419301265793e-06
1.7700485273053346e-06
2.6695016686062445e-06
5.92989357528495e-06
1.4666000311081007e-05
2.9542346283051302e-05
3.51423368556425e-05
2.1054901139905272e-05
5.860610031049874e-06
1.5095349965577043e-06
1.2898838690489356e-06
1.2381319152154902e-06
1.3071457942714915e-06
1.7831239063070825e-06
2.2223059659154387e-06
1.916742476737454e-06
1.1215923336749256e-06
8.031885982973108e-07
9.869831956166308e-07
1.206566338396442e-06
1.535591053425378e-06
2.2371374654994725e-06
3.820210963567661e-06
4.6810835101496195e-06
3.130845328769283e-06
1.6065189640812605e-06
1.4689408942558657e-06
1.7451893938869034e-06
2.428070445148478e-06
5.350807441573124e-06
9.82646849934099e-06
1.109573577195988e-05
1.942611811500683e-05
9.716021986605482e-05
0.00023563000195281347
0.00035928190482081845
0.0006444895916501991
0.0013638739910675213
0.0016013974964153022
0.0007526566496380839
9.757695761436481e-05
2.8665103400271622e-05
1.078295616707692e-05
4.5097021939000115e-06
1.4242077156723097e-05
2.650279282079282e-05
1.8764152912353893e-05
6.904713927724516e-06
1.4384045755377882e-05
0.00040177830567245104
0.0013664394818988512
0.0019196267239749432
0.0017763931246008724
0.0034331231436226513
0.03161567836650647
0.08800563425756991
0.09530677879229188
0.04794187145307661
0.02041172212921083
0.011797811486758293
0.008331125602126122
0.017593653523363173
0.03612657496705651
0.055396667681634426
0.059517099522054195
0.04377607349306345
0.020941301714628935
0.006403161198250019
0.001583949175255839
0.0005830251902807504
0.0005140069770277478
0.0003724746984516969
0.00015837836781429362
4.483058569348942e-05
1.176083503651171e-05
5.644010798278032e-06
3.0124259922104106e-06
1.4432106070216832e-06
1.0674584416392463e-06
7.600986435818413e-07
7.957212631026778e-07
1.182106231567559e-06
1.4673355508421082e-06
1.3249444066332217e-06
9.66517163192293e-07
8.57036880574924e-07
8.296981661715108e-07
6.459119106239086e-07
4.4237762608645426e-07
3.034736728579901e-07
1.7415718023272575e-07
8.120022343405253e-08
8.726296218952712e-08
1.6000533342719336e-07
2.0663908628648642e-07
1.9633754888559452e-07
2.2021286483209224e-07
3.542269801926068e-07
5.540600085396363e-07
7.357479887559748e-07
7.714828171856425e-07
6.375370560363081e-07
5.291613547342422e-07
4.3716773490132255e-07
3.110067225975399e-07
3.757415854011015e-07
1.151566529244974e-06
2.6153222449920577e-06
3.450991187037289e-06
3.3430536063860927e-06
3.4072531889250968e-06
3.997669693944772e-06
6.6213399350090185e-06
1.7371616536365764e-05
5.458412852021865e-05
0.00010368800030846614
0.0001302275268244557
0.00018080001609632745
0.00037383867311291397
0.0007700096248299815
0.0013532112061511725
0.002198832342401147
0.002763474592939019
0.0024123260227497667
0.0017696662398520857
0.0014213855611160398
0.0010247765785607044
0.0004387400667837938
9.57743313847459e-05
5.805437194794649e-05
7.628839830431389e-05
9.866782056633383e-05
0.00010207161176367663
8.874055856722407e-05
7.901020762801636e-05
7.107307374099037e-05
5.026382086725789e-05
2.479506792951725e-05
9.364251582155703e-06
4.525698216184537e-06
3.816493460817583e-06
3.520737038797961e-06
3.1408343375005643e-06
2.5233628093701554e-06
2.1903045421822753e-06
2.0852435227425303e-06
1.9946032807638403e-06
2.084622565234895e-06
2.2452044845522323e-06
2.3706742808826675e-06
2.1893700932196225e-06
1.3697806195978046e-06
8.739366990084818e-07
1.4990712600138068e-06
2.729106370225054e-06
3.8831801703054225e-06
7.5155458034714675e-06
3.035340102996997e-05
0.00040628638544148993
0.003993618547610822
0.03871762493508867
0.2216002633795142
0.5024909861385822
0.5474282428622246
0.31027847435325384
0.09327425435185434
0.022844806546345353
0.012113270349800587
0.004909836075967178
0.0015405369740619792
0.0003990407803939889
9.96200124063762e-05
4.1605801470723236e-05
2.2551673737325473e-05
2.142324819942587e-05
4.469598979994771e-05
8.884478029358434e-05
0.00010932416989817284
8.59818119351985e-05
0.0003037333972315536
0.011365675616616498
0.10123376568662933
0.28102256264537573
0.3532132990658283
0.22353841643780473
0.0720711264293641
0.01131248882666114
0.0005104160445625895
6.648545854659461e-05
2.59851835835434e-05
9.774073146218142e-05
0.00024995892999868374
0.0005302808567648754
0.000731112522771582
0.0006444365717470646
0.0008792148582870141
0.0014637316635344177
0.0016779186553321779
0.0013420270042843185
0.0007172928817453795
0.0004152662804699503
0.0003729182753886562
0.00019390516263229077
4.749813160742634e-05
9.762760043940945e-06
2.509141310724772e-06
5.598034888976145e-07
1.5639870554196023e-07
2.270320109687418e-07
9.106945029202506e-07
4.806499106280171e-06
4.874602012705508e-05
0.00029523579155465995
0.0014450029448198618
0.005431808662251569
0.015106231905519962
0.042427522130310535
0.10545531986281276
0.17199433967471123
0.1765159983187914
0.12461026385426523
0.07016909494996071
0.03232752892654389
0.00864243301316492
0.0002943870873224342
2.585704379498566e-06
1.0685646273600467e-05
5.466053664804348e-05
0.00014353263031807728
0.00031918783133733086
0.0009721594396978616
0.0021291164302965626
0.0024050668289419264
0.0021541736205108464
0.002161545300623402
0.0012063981439496276
0.00018567724032436675
1.8237894721551132e-05
4.059453324600781e-06
8.166031157941235e-07
1.7891706427519696e-07
9.221075281118374e-08
8.845696264359049e-08
2.183921008480638e-07
6.450296794469068e-07
1.0402720107549612e-06
9.43456598179182e-07
7.125734811097573e-07
8.9727808472162e-07
2.7529486175126294e-06
1.0654111036956238e-05
2.976800271881075e-05
7.878453197918134e-05
0.00023076061006577217
0.0014473985247605012
0.0057150006759911776
0.010738768032751977
0.011750189354643226
0.009198170388117433
0.0064004643354564905
0.007964770309627056
0.013486567186191678
0.01865570666268468
0.027450816240161657
0.04489192785695195
0.05240847496315837
0.03489099978469312
0.01389252839726396
0.003998268584837207
0.0007001504054642284
0.0002814810213749297
0.00014098447172727901
7.994114548637299e-05
6.889546057209373e-05
0.00015414981226058444
0.00031506339291809127
0.00041458125633653253
0.00038194385706447065
0.000269782220129855
0.00014383378675120184
5.746860915678554e-05
3.7525923289649654e-05
8.458078264084179e-05
0.0002636998688103631
0.0014481010584859175
0.005207868569414131
0.014839222887530921
0.027406186796724796
0.03161875158548355
0.029863176867365837
0.03728583641350269
0.05835178680717945
0.08119716122746468
0.0897186454385519
0.08007450215518475
0.05836414685472846
0.03277042740955949
0.013355995004530998
0.003865302005578997
0.0006871895457152278
6.365497324622994e-05
8.195398095267592e-06
2.660961541778306e-06
1.4765872151656367e-06
5.960844529084853e-07
1.7919309769354188e-07
1.2615253375258817e-07
3.681578917280603e-07
1.1770859202897554e-06
3.0043622132325254e-06
5.824482968819211e-06
1.1458010703790933e-05
3.364341819178662e-05
7.300160814338597e-05
0.00011810164141934365
0.00037645652810169844
0.004946853056026156
0.09863713072263634
0.313803780823946
0.40412069484591484
0.24904675688594582
0.07772999815642835
0.01632596121635288
0.00440282748604659
0.0012305896561883858
0.00019716375345524287
4.8019993073467056e-05
1.196752651821953e-05
4.93663867473515e-06
4.92400846496821e-06
1.2998637657801737e-05
8.11364502624201e-05
0.0016704418953850106
0.016291858497424982
0.06354179640766233
0.11911896336823702
0.11558467801660299
0.06332935020327568
0.030256781727075577
0.01852526282891631
0.007978158857440576
0.002113473317876924
0.0004696337073255564
6.094002901591012e-05
1.2685792341926573e-05
3.957317318281639e-06
1.3308363531194802e-06
3.4844002527734125e-07
1.3307347224156274e-07
1.4372556478292609e-07
1.1755377027355962e-07
7.013082736762044e-08
5.9352916359500796e-08
7.783913957837285e-08
8.327583955747286e-08
6.922592454827736e-08
4.322384716815009e-08
2.3848642172197287e-08
1.7108060745840703e-08
1.094862212003278e-08
5.2055951216267715e-09
4.351684457226668e-09
1.2620474498792332e-08
5.8533409119654316e-08
3.4091828915450146e-07
8.371983248878223e-07
1.0185395211692594e-06
7.762422455925844e-07
6.811989550215003e-07
9.332537160844367e-07
9.722616027829645e-07
5.602941968163577e-07
1.7327522705556933e-07
4.8185032852643423e-08
6.280457576224308e-08
2.544336155096971e-07
8.099429038566086e-07
1.8154195657871242e-06
3.392920916667208e-06
5.107691947614512e-06
5.8581118764777784e-06
5.537439960789925e-06
4.691434583037335e-06
3.264370860733834e-06
1.5887542659243083e-06
5.361793782299173e-07
2.0594067251522577e-07
1.573813932509438e-07
1.5825371590949544e-07
1.443170525305959e-07
1.2873248422806682e-07
1.148289499042221e-07
8.911777804598842e-08
5.9000835328504315e-08
3.765665690380615e-08
3.1595232208303514e-08
4.5280640126321714e-08
8.031466780522578e-08
1.2458603393383783e-07
1.3589908043343257e-07
1.0070043998666733e-07
6.812562602931393e-08
8.227784675796102e-08
1.872328443397464e-07
5.466401802323162e-07
1.8693262333613345e-06
4.5716279259977455e-06
7.569789659100934e-06
1.0444636473039282e-05
1.3043683111391147e-05
1.1560731024928828e-05
5.585657248730059e-06
1.2365479378217972e-06
2.024615213258585e-07
8.369524095996894e-08
8.175422472334049e-08
9.170624259979832e-08
8.629914560742691e-08
6.717089995333936e-08
5.831546445733693e-08
6.674818742169464e-08
8.068605161781761e-08
7.898767417913177e-08
5.49500498436828e-08
3.49602702343077e-08
3.300966877617384e-08
4.120526941875369e-08
5.073934072896691e-08
5.677455039432289e-08
6.252189521660512e-08
8.391363870430268e-08
1.6110081801912202e-07
2.720513414544712e-07
3.1126679544968283e-07
2.927574271893718e-07
3.1474168338263553e-07
4.0268665912890356e-07
5.544261298950914e-07
6.577445645916669e-07
5.664715843067825e-07
3.8348062503246183e-07
3.0826067387579315e-07
3.336597345082737e-07
3.487581636818504e-07
3.265617323222614e-07
5.512570382393278e-07
1.356592726153849e-06
5.5081526966205266e-06
2.845147633934175e-05
0.00011206209273950661
0.00044924187750439154
0.0015465216856682673
0.010686466295737771
0.040114535950124264
0.0679802829399705
0.05851305276155472
0.030836504418402914
0.01738806301727891
0.017357217147946358
0.018455315846949816
0.012630572542548181
0.004802897979971021
0.0010308883537106797
6.298387141967511e-05
3.8982942651699664e-07
8.38768503541587e-08
1.1664935062327686e-07
1.1925978959936856e-07
1.0272640693642643e-07
1.4388717950453156e-07
7.051878281316703e-07
9.467295768672555e-06
0.0002145702612779132
0.0019738135324587347
0.006586647214135155
0.0102044582599774
0.00797785521717742
0.003063948946874007
0.0004913095863230411
2.0735021337259244e-05
1.7112735335444997e-06
3.3007538124962826e-07
6.306617850171392e-08
2.638257345921602e-08
4.016630095193818e-08
1.258052639840912e-07
2.852543179443501e-07
4.437560079395553e-07
4.714383479154094e-07
3.424931414031107e-07
3.030824800021037e-07
7.240041135503361e-07
5.1242028433762235e-06
3.5096336944206996e-05
0.00038673831068081194
0.0034147512178606117
0.04395871341694146
0.10324866743758321
0.09714208543300629
0.04591375251766295
0.011627801670783812
0.0005130126854737683
6.966476775005504e-06
2.8486104497460474e-06
3.4401711843656813e-06
4.8799636260810075e-06
5.5411409221051144e-06
5.625990411317616e-06
5.263989464765473e-06
4.444342721399153e-06
3.0940260842271528e-06
2.001012546770653e-06
2.6004385347278003e-06
4.3854798832398956e-06
5.3038753549117246e-06
5.51314235508471e-06
6.040552193553594e-06
6.4602653537804144e-06
5.678832906141906e-06
3.595630971631181e-06
1.8464081534830259e-06
1.0139087294191995e-06
7.436512561298514e-07
7.609164782707012e-07
6.399235132903414e-07
4.551130601271325e-07
3.4003485183120574e-07
3.3330714188650745e-07
4.819452854576411e-07
6.874886295804572e-07
9.429866878463145e-07
1.502134139741429e-06
2.6812818987309583e-06
3.838048087345669e-06
3.6090113439968263e-06
2.445423319841211e-06
1.5753852835587168e-06
1.03161451647793e-06
6.704794586198659e-07
5.337027886298529e-07
5.959325122262271e-07
9.423042968137452e-07
1.3993650185284423e-06
1.4735248896613484e-06
1.483392992440713e-06
2.0104199336401507e-06
2.6291953076906793e-06
2.496480874469853e-06
1.7057191428193619e-06
0.0
