1.0
8.874797657654197e-06
2.318864056860548e-05
5.72836615901906e-05
0.001220696532527654
0.03481389598164241
0.19550625048577783
0.36721063777804375
0.28328078403137624
0.08022222106228584
0.014385234273504464
0.032557148922933266
0.03152626357041299
0.013596472657809501
0.002634313743328676
0.00012150814632150289
1.330386976405862e-05
1.6351946896975278e-05
5.657624569721519e-05
0.00013952745939604938
0.0005507202804437838
0.004748463055875618
0.08901958531350827
0.36687060515396297
0.6064791083335876
0.4599085403606296
0.1486969168763608
0.013906803389545534
0.0011487539886729792
0.0005799381760880351
0.0004673396470025182
0.0007819038291927427
0.0013887182431062683
0.001642523187911138
0.0011900811296072789
0.0005761111169704236
0.00023292237165151167
7.664042823307683e-05
1.581763609692644e-05
2.3332420511223977e-06
7.812370554916015e-07
4.779778848273963e-07
4.075666524272492e-07
5.351130383246527e-07
7.651125315533136e-07
1.0745083756091844e-06
1.456902339214139e-06
1.7542535033499007e-06
1.6281568946396874e-06
1.0410736379640184e-06
5.053131744148232e-07
3.1405418354779613e-07
3.134078170319299e-07
3.6649991130843773e-07
4.5580809171497094e-07
8.364267998217656e-07
2.0955051809323777e-06
5.583850906987209e-06
3.9362693769362516e-05
0.0003852404952340293
0.0026346160229877564
0.008509735140250996
0.017723245080560446
0.027873872313648462
0.05862600123509764
0.20733347442001102
0.45774517580866814
0.5605644062161446
0.40135451778769493
0.16076188313309106
0.02839622517058161
0.0011066761832694285
2.042158629755875e-05
2.3826662332027132e-07
6.236592042796474e-08
2.445217335278471e-07
4.518298837297152e-07
3.5386246821644823e-07
2.1225372748290283e-07
1.5653424156880646e-07
1.933737117099099e-07
6.79429334127235e-07
7.465420317487314e-06
8.675669980107158e-05
0.0002517520501896797
0.0003105577161477413
0.0003003170058946125
0.0002972141846839804
0.00015066645664774117
1.6469899279059067e-05
1.744229990663371e-06
1.940929351462728e-06
6.307000489869097e-06
1.5030321151243697e-05
2.7484422389534302e-05
3.840455474346527e-05
3.6364472180139273e-05
2.22984110678226e-05
1.056200267157692e-05
4.593208160486029e-06
1.8553981533386834e-06
1.6019626798424724e-06
1.9822885803932877e-06
2.12822868661533e-06
1.9966261390891304e-06
2.0086164340682444e-06
2.6454229953287722e-06
5.79356571961398e-06
1.4865867228763818e-05
2.828945753208245e-05
3.41205141012324e-05
2.553791591708432e-05
1.3662705214301242e-05
8.66389518705546e-06
7.974063350957294e-06
7.391414783342043e-06
7.4170176276311395e-06
6.893817840136762e-06
4.122657628613524e-06
3.475314315437572e-06
5.964475121800206e-06
6.2405745211435715e-06
5.0738443633235875e-06
1.9503749740579224e-05
0.0002651969788303177
0.0008876750098352204
0.0017986200691666454
0.0034281950793229043
0.0049077062285505235
0.004333545221015811
0.0025194552436005324
0.0011656164351734333
0.000465318651549751
0.0002235558131360449
0.0004530666083155665
0.01950880053482251
0.21055096483905797
0.4937290772795677
0.4510312955826521
0.17229193821549418
0.028463709590141665
0.005170034521142953
0.00047192263082251884
0.0002222861844529689
6.522981220768997e-05
2.9847137284377823e-05
3.543795537552796e-05
4.659387377614621e-05
4.94327541673556e-05
3.839553801299189e-05
2.147526686258061e-05
7.805670321658909e-06
2.3458507598661527e-06
2.1666678833298647e-06
2.6648895072867163e-06
2.1877006020076806e-06
1.6366261661460157e-06
1.374709725610046e-06
1.074398625178219e-06
1.0695809891103636e-06
1.2702638798600674e-06
1.4703698809626076e-06
2.0590672136222565e-06
2.6092769189745013e-06
2.3362177046237775e-06
1.6315836433022923e-06
1.1802418100614886e-06
9.81368557972928e-07
7.891636357726384e-07
5.955566990678562e-07
5.308543506998831e-07
7.643977539828484e-07
1.284123271716453e-06
1.6004270833036571e-06
1.5555541210687807e-06
1.5397598644995014e-06
2.1078921861317212e-06
3.1962955802100623e-06
4.295395910958177e-06
1.5536858086306893e-05
0.00015836252487133604
0.0011043873164453544
0.004484454198973253
0.010627796116750687
0.01573894009925425
0.01482323999516666
0.010126970941200852
0.007493705139495432
0.005786950001493096
0.0035166273592039947
0.003539606463164091
0.02174251480028033
0.091607904760167
0.14078110083937645
0.0869378773495555
0.02557161403819919
0.014667228795588017
0.01330303109716624
0.008235367917222902
0.0026927696198981725
0.00043014311086153617
5.8295044709666406e-05
1.764739468512744e-05
4.092995027349389e-06
1.7437220947158494e-06
1.8929895873043279e-06
2.073744440167502e-06
2.4834684495544934e-06
3.04101456549688e-06
3.5200146726310777e-06
4.339006466125284e-06
4.6995819502626546e-06
3.3669017227566655e-06
1.626575610202963e-06
1.109848170699479e-06
1.4362961309188904e-06
1.7564034635597636e-06
1.98684665519977e-06
2.77061872111517e-06
4.593865469360026e-06
5.884929692001606e-06
5.156229292424541e-06
3.5953961514678667e-06
2.4448041813229793e-06
1.977536328467977e-06
2.3735293552817893e-06
3.717309766670951e-06
5.433312423974712e-06
5.92586832226516e-06
4.8803009349285276e-06
4.380059976938355e-06
5.193596393837652e-06
5.721564662053424e-06
4.8895793725023395e-06
3.0257853609327867e-06
1.3376826757394156e-06
5.633262887272394e-07
5.362601740444006e-07
1.8714287008947392e-06
1.8926347280512342e-05
9.666408527664315e-05
0.0003895499085047049
0.001407711512001697
0.004393038339912891
0.009298424993176013
0.010374134522862732
0.005304157471982763
0.0010771835950436073
0.00017803647733671826
6.728194966854062e-05
0.00010334903436159948
0.00040255573185277166
0.003935391978302505
0.018247539177536964
0.057961296057328575
0.2283643865957856
0.44890645146369934
0.38195066852495074
0.12667933583725247
0.010053816455183552
0.0017446610509068707
0.00038973611754045123
0.00012618737855518705
2.089131044158421e-05
1.4420524621527875e-05
2.048677720267733e-05
2.2869595341035165e-05
1.6642756008877768e-05
9.60529700932966e-06
5.0057769840350375e-06
3.2619519743093406e-06
2.5397459353371232e-06
1.4961444634309375e-06
8.311624810630747e-07
9.279689123786738e-07
1.3086431351894134e-06
1.4087524391470652e-06
1.2353364979844628e-06
1.0493414919210409e-06
1.0121766820248013e-06
1.340341370337228e-06
1.947411107039443e-06
2.4168344907593564e-06
2.8991536282774177e-06
3.6382624557518284e-06
4.3958574451608e-06
5.002003604204219e-06
4.376232595859619e-06
2.51497172598647e-06
1.5771593098179437e-06
1.7926587076999567e-06
2.3360977934316907e-06
3.891775634201622e-06
5.699313760487712e-06
6.2793417328066425e-06
6.153752678983437e-06
6.635288514189597e-06
1.3599604699265909e-05
6.385124947883014e-05
0.00040806781089486316
0.0015509666336583905
0.0035541571269277483
0.00582099735038355
0.00870541576296091
0.016536518232896924
0.02798448270186782
0.02992725418880582
0.021995732560753822
0.026426418218761683
0.04982541594654322
0.06823948305100203
0.06687560118734837
0.05646790377795696
0.05261341203004122
0.04495750414207578
0.02205170277738944
0.004906801215838642
0.0011933938512811437
0.000467668451165082
0.00024405451040365733
0.00015530009659414645
9.033046626427677e-05
4.112233887099138e-05
1.341190045422991e-05
7.360037898251903e-06
9.087327271117829e-06
9.58793805239111e-06
7.549944825768762e-06
5.325018605617515e-06
4.33652769515902e-06
4.410686074152181e-06
5.129286364535801e-06
6.466728905252239e-06
7.50664742099616e-06
6.946663688722765e-06
6.450863679674512e-06
7.198287562459882e-06
7.408940064124181e-06
7.150074111450522e-06
6.890259442116076e-06
5.81485619477462e-06
4.603428465088655e-06
4.05743065812203e-06
4.469997065825737e-06
7.382004412193055e-06
1.3449501807372144e-05
1.779116769284883e-05
1.6660374058119487e-05
1.4106260096014012e-05
1.4251807897380786e-05
2.1428262698464096e-05
4.136765983275836e-05
8.878257813194068e-05
0.00014426724919758271
0.0001528518187114969
0.00013489300181390718
0.0001970265839190688
0.001335239427135093
0.008692702314874623
0.04593218304216861
0.13066808320581913
0.17653587833046913
0.114076207857579
0.03621730394661427
0.00782464089570567
0.002499715075828135
0.0030266125104390085
0.01244062162004411
0.06715335254557431
0.15182356256991625
0.16005882620811462
0.08751597162336112
0.03518449841067195
0.03189420700073242
0.04132269835099578
0.03456933866254985
0.016227777348831296
0.0040446517850796235
0.0004693653090726003
3.5965289043815574e-05
1.1643016478046775e-05
5.325541991396676e-06
2.7911972324545786e-06
2.8224865502579632e-06
3.373528215888655e-06
3.6413196085050004e-06
4.113050863452372e-06
7.862657923851657e-06
1.4831846442575625e-05
1.6407220073233475e-05
1.0417344924462668e-05
4.713469991202146e-06
2.5674120252006105e-06
1.8414769442642864e-06
1.2615876414656668e-06
7.453117518707586e-07
5.689495310434722e-07
8.855573412347439e-07
1.4093706965923047e-06
1.487654131437921e-06
1.0526442792979651e-06
9.10138098220159e-07
1.2819160417620878e-06
1.9512302174007345e-06
2.942459104815498e-06
3.611850161178154e-06
4.074128582942649e-06
5.214717191392992e-06
5.213129952608142e-06
3.113596335424518e-06
1.409509195582359e-06
1.0366684080054256e-06
1.0586407199753012e-06
1.0661770488695765e-06
1.11445919515063e-06
1.148097794612113e-06
9.896208723603195e-07
8.525937857939425e-07
1.0561222154592542e-06
1.475624770819195e-06
1.7406873951131274e-06
1.860759056171446e-06
2.0895917884899973e-06
2.4594829710622435e-06
3.5224005614509224e-06
6.953834883915988e-06
1.4447745343204588e-05
2.612768548715394e-05
5.104051160742529e-05
0.0001221289439854445
0.0002839122353179846
0.0004687790642492473
0.00047316274867625907
0.0003503677071421407
0.00036648786772275344
0.000497112087032292
0.000647451335680671
0.00109223356412258
0.002663027320522815
0.006006526935379952
0.008247533347457647
0.00615815565106459
0.0024775579258857765
0.0005710440918846872
9.199596843245673e-05
2.8463799253586334e-05
1.447460181225324e-05
1.3060340052106767e-05
7.325285196202458e-05
0.00034687346442296985
0.0006573694918188266
0.0006244264077395201
0.00037646656710421667
0.00023781660274835303
0.00023795568631612696
0.00019403293754294282
8.234024994635548e-05
2.2010585780662954e-05
8.586222179474134e-06
6.141660719549691e-06
6.5427277604612755e-06
8.055951298047148e-06
1.243487224655837e-05
1.9837660829580273e-05
2.6018636162916664e-05
2.749073655650136e-05
2.2674631736663287e-05
1.8745815395959653e-05
2.562293070695887e-05
4.131701462029014e-05
6.372954612743342e-05
9.53255712374812e-05
0.00010902038593485486
8.043366233323468e-05
4.144118929616525e-05
1.9146350496157538e-05
1.0509515050216578e-05
1.0287515124218771e-05
1.1080562217102852e-05
1.462001409890945e-05
2.5913000627042493e-05
3.294648740848061e-05
2.5240857212338597e-05
1.4226974371922553e-05
9.816729743761243e-06
1.0451899015606614e-05
1.552318917674711e-05
2.1750934365627472e-05
2.6807003905560123e-05
3.0939910175220575e-05
3.4255032005603425e-05
4.393052722662105e-05
5.180070820642868e-05
4.2153797494393075e-05
2.84695929622103e-05
3.9216292407218134e-05
7.191592567323823e-05
0.0001026964673656039
0.00015409127263410483
0.00027432299611973576
0.0006819445552537218
0.001373184728436172
0.0017452295869588852
0.0013912087379139848
0.0025714099901961163
0.004562756024824921
0.00443703739438206
0.004777674854267389
0.00457719576661475
0.0026259276201017205
0.008112323499517515
0.162990458891727
0.49123269924893975
0.5923547297716141
0.33591247349977493
0.08781983063090594
0.009463143112952823
0.001108483731513843
0.0007160198256315198
0.00032344095325242966
7.226416323646845e-05
2.2327050828607756e-05
1.255171196135052e-05
1.3178700783100794e-05
1.305255682382267e-05
1.0698515552576282e-05
7.310553314709978e-06
4.3439042656245874e-06
2.718618759445235e-06
2.6635200356395217e-06
3.942839441606338e-06
4.605148717473639e-06
3.341240557119818e-06
1.896804491252624e-06
1.647140067007058e-06
2.450575692591883e-06
3.659747903839161e-06
4.471584134080331e-06
5.233637239143718e-06
7.3794424224615796e-06
1.4616463772654242e-05
2.977882900268014e-05
4.440441580300103e-05
4.8439768761454616e-05
4.858094143855851e-05
4.781774441653397e-05
3.703605671034893e-05
2.1705701556129497e-05
1.3057429441687418e-05
9.096985195355956e-06
6.3169046597977285e-06
6.540687991218874e-06
1.1749220561796392e-05
2.3227744804898975e-05
3.393136739759939e-05
3.4552801935205935e-05
2.9729801099165343e-05
3.122017415080336e-05
6.650553496001521e-05
0.00018238151642435696
0.00046467367064906284
0.0011424129625083879
0.00512723000429105
0.03803579567465931
0.11181707330979407
0.16470035165548325
0.1536853238940239
0.12575523741543293
0.10968093015253544
0.07965482771396637
0.03767519141547382
0.010807487124111505
0.0029917011852376163
0.005841671547386795
0.00958219199674204
0.011085101868957281
0.011562078550923616
0.005852004491316621
0.0004851734556723387
8.616369086666965e-05
4.799826638191007e-05
5.400038389780093e-05
5.283406881062547e-05
3.972831063947524e-05
2.4144836288542137e-05
1.2786779734597076e-05
6.255238872654446e-06
3.077422206843039e-06
2.0828283595619723e-06
1.802977607212597e-06
1.7294478595886176e-06
1.4814008579833171e-06
1.5184570827386779e-06
2.543819221045851e-06
4.310481699576485e-06
5.438120751932729e-06
5.093637241770921e-06
4.20705282522249e-06
4.019080165562627e-06
4.142795432926505e-06
3.6353379755382775e-06
2.927882007952576e-06
3.5893195899916464e-06
8.850119627368258e-06
2.4849274495863938e-05
5.2135344958514906e-05
0.00010353093057346996
0.0002893678829423152
0.0007133541294024326
0.000961746511165984
0.0007359969749813899
0.0005895622161915526
0.0007452582649420947
0.0011247756192460656
0.0019660995894810185
0.0032061716774478555
0.004442928300704807
0.005193259916268289
0.007707019918598235
0.058421089197508984
0.30747950868681073
0.6442954614758492
0.6428520083427429
0.3322988282889128
0.09343292529229076
0.014623016309997187
0.0008722475038780433
1.442372321491803e-05
1.467860187176484e-06
1.8119297493512931e-06
1.9221999423280067e-06
1.5938449280383793e-06
1.1551009464483286e-06
6.01149391599165e-07
2.823092515313874e-07
3.397211933986455e-07
1.135126652229701e-06
4.201828858185763e-06
1.1608516444994166e-05
6.41452727450087e-05
0.00042604067584761646
0.000831098819617182
0.0006414019371732138
0.0002553650010668207
0.00011474684015411185
4.530878931063854e-05
6.67001143028756e-06
2.848261885901593e-06
8.176621122402139e-06
3.398415344690875e-05
7.831453103790409e-05
9.343427336716559e-05
6.21975395915797e-05
3.076536177104572e-05
2.120318458764814e-05
2.1249773453746457e-05
2.390927465967252e-05
2.466682781232521e-05
1.9391340401853085e-05
1.0987786481564399e-05
5.2186384209562675e-06
3.4057148923238856e-06
5.038623271502729e-06
8.214806825890264e-06
9.307588470619521e-06
8.81605114955164e-06
1.070471944331075e-05
1.2647853736780235e-05
9.685240570433962e-06
5.759268901783798e-06
5.892771355320292e-06
7.60593945869914e-06
7.190540372903342e-06
5.198622943680675e-06
4.553541202767519e-06
6.08754987752036e-06
9.972908401323366e-06
1.7677311234365334e-05
2.425008460704703e-05
2.4645525172672933e-05
2.504809299352928e-05
9.471290422879973e-05
0.0015732286556158213
0.010236115616862662
0.03075868496671319
0.050337815191596746
0.05286995694041252
0.040068567264825106
0.02189807395916432
0.009712805040180683
0.009984543896280229
0.024502561194822192
0.05297834984958172
0.08430915232747793
0.10287450812757015
0.0886631179600954
0.047921062912791974
0.019727817038074136
0.00898612622404471
0.002475273429809022
0.0003091272546953406
6.254484378587222e-05
4.5179726839705836e-05
3.802629544225056e-05
2.3856530788179956e-05
1.2983381338926847e-05
8.588838795731135e-06
4.811427402273694e-06
2.814729413103123e-06
1.7698617114092485e-06
1.2745943820391403e-06
1.2530349806638696e-06
1.100686688459973e-06
7.466151359381001e-07
5.393812898546457e-07
6.53554444340898e-07
9.59265733513348e-07
1.1746816142021999e-06
1.2410395129336393e-06
1.4588606518373126e-06
1.6582273474341491e-06
1.379602622364473e-06
1.1240443882343243e-06
1.3724668690429098e-06
1.5992902717698598e-06
1.491988371071784e-06
1.4420615457311214e-06
1.3772133797829156e-06
1.0300440891342078e-06
7.78408235646566e-07
8.347661406560292e-07
1.115408451823896e-06
1.9355769609319395e-06
2.5362526230310323e-06
1.8995175139480127e-06
1.9035009302115213e-06
9.306348005111431e-06
7.30874447754104e-05
0.0004011593223367526
0.0019856796716339886
0.006674597796518356
0.012883270741440356
0.01330602541565895
0.0069394386082422
0.0018166174704674634
0.0004274398870620644
0.000206131338927662
0.00048716350829636207
0.002473904998623766
0.026658766088075932
0.2319467011839151
0.5102708637714386
0.4321609400212765
0.14125211094506088
0.013115260699123612
0.0013917570468038323
0.00043477066355990246
0.00021447921653816596
5.509509082912701e-05
3.072715162488748e-05
4.12435365433339e-05
6.511964056699071e-05
9.692915409686975e-05
0.0001254731232620543
0.00011131444261991419
5.744753070757725e-05
1.7194543715959302e-05
4.039057074578523e-06
1.532941070081506e-06
1.0275437460904868e-06
6.859403001158171e-07
5.415804622543874e-07
9.197346955147623e-07
1.4497780824740403e-06
1.3846123465555138e-06
1.0114824249285448e-06
1.2411620673447032e-06
2.272717523510437e-06
3.129237313714839e-06
2.881553882616572e-06
2.3368804136225663e-06
2.730619883095642e-06
3.6107644518779125e-06
4.448572440196585e-06
6.118932560639223e-06
1.0278498848492745e-05
1.872815914794046e-05
3.4528276046330575e-05
0.00015826551043574
0.0018918322693934895
0.009173357924737502
0.01986353809479624
0.02493230765685439
0.0218923669308424
0.023129889741539955
0.10354565223678945
0.38215179555118084
0.7096559628844261
0.6884679645299911
0.33996207779273396
0.07128200144506992
0.0025703015971885184
0.00011236524676405682
3.980882489429406e-06
2.737788058482238e-07
2.0677740764085684e-07
1.9165186948555402e-07
1.088799095327886e-07
6.12713968450862e-08
6.741723623804319e-08
1.3430847367601473e-07
2.863849637435578e-07
7.778024695426211e-07
2.4309894683938182e-06
9.0203690490398e-06
8.201305979582683e-05
0.00032454469010190223
0.0005155643812031485
0.00040697909935261123
0.0002656674914760515
0.00020529517678369302
9.328003099540184e-05
1.2986771736223094e-05
6.974596118425326e-07
1.0157579026781605e-06
3.2504826066315218e-06
6.357399513490236e-06
7.853349188735592e-06
8.111842362268362e-06
9.671948873801739e-06
1.3945291129857651e-05
1.7986651982937474e-05
1.8078673747368157e-05
1.8130341231881175e-05
1.9905652607121738e-05
1.781616265361663e-05
1.3148996458767215e-05
1.4083904716244433e-05
2.239701052531018e-05
3.0208314456103835e-05
2.9859861115255626e-05
2.204819747930742e-05
1.4605803244194249e-05
1.3274290722620208e-05
1.361622275908303e-05
1.0387669362899032e-05
6.228711924904928e-06
4.267693839210551e-06
4.035653603295941e-06
4.7687017286079936e-06
6.440939046115091e-06
1.4533081298395699e-05
4.2023603555207956e-05
7.494713099731598e-05
7.796972386131529e-05
5.114005602990801e-05
2.1734524466410224e-05
9.5484651865263e-06
1.9897801280421845e-05
0.00018186580064138977
0.001019623658976343
0.004121486592339352
0.008463254198431969
0.008466616622172296
0.004331577772973105
0.0016771387599874288
0.0010533469903748482
0.0011072423949372023
0.0021969947847537696
0.007048021419905125
0.027265340206213292
0.06656862888485193
0.10419252887368202
0.1095729973167181
0.07579020597040653
0.03557611838914454
0.013710256142076107
0.00478331046178937
0.001195762159113656
0.00015082815116329587
2.434906792814218e-05
5.229229572023542e-06
1.6694677924533607e-06
1.147431504477936e-06
8.514799816339291e-07
5.778757881103047e-07
3.918593520779723e-07
3.263063277358924e-07
5.628678607649817e-07
1.1396667503049684e-06
1.920341873073994e-06
2.3571266751787334e-06
2.3009939127405232e-06
2.8403676424204605e-06
3.5370143791624287e-06
2.865841452148743e-06
1.5856886932397176e-06
1.0182605194586358e-06
1.059412795711978e-06
1.2993445182019059e-06
1.4938057972813112e-06
1.6009363719149405e-06
1.4772796532724897e-06
1.072333986940066e-06
6.965083727550336e-07
4.547736622839693e-07
3.202058209694769e-07
2.3663631054660073e-07
1.511721912095254e-07
9.645961007720416e-08
8.100616888384593e-08
9.857776284150077e-08
1.9002858486771856e-07
4.1494054414670245e-07
7.429626265320621e-07
1.0827277634462007e-06
2.2206390326573455e-06
1.0411095672679949e-05
8.164388668774335e-05
0.00034946983396366704
0.0008172575107892044
0.0012040408910252154
0.001157040853286162
0.0007555334086646326
0.0004248557161190547
0.00026319608878111467
0.00017635819312999956
0.00016492141367052682
0.0002518723522371147
0.0004224978147249203
0.0006981031256145798
0.0013355152768781409
0.0017937182856258005
0.0013627643056679517
0.0007164693088270724
0.00034383842830720823
0.00011730053847713863
3.302372442703927e-05
3.6517760236165486e-05
0.0002071331209663185
0.00043371379615564365
0.0003728599604073679
0.00015481813534279357
7.153663500503171e-05
5.9423010497994255e-05
2.8829106099692584e-05
7.197136937975302e-06
5.9413579265310545e-06
1.1086169706686633e-05
2.0469172113735112e-05
3.1215422495733947e-05
3.6709294363390654e-05
2.9702704296141746e-05
1.5582852483930765e-05
6.445754024753115e-06
3.5127197861584136e-06
3.4078814223903464e-06
5.553803930524737e-06
1.088914950742037e-05
2.0589094901879434e-05
3.7647050703526475e-05
0.00010476475836185271
0.0001949350717040943
0.00022830706438980997
0.00021433935035020113
0.00015262054330378305
7.048383599794761e-05
2.437802322674543e-05
1.0702946838136995e-05
9.521449555904837e-06
1.1444724123066408e-05
1.2918435004394269e-05
1.125886683439603e-05
1.3914711871620966e-05
1.973821417777799e-05
1.687186772869609e-05
8.947633659772691e-06
6.633328894167789e-06
8.611032626504311e-06
9.723057473820518e-06
9.627955478208605e-06
1.0447173053762526e-05
1.270666575692303e-05
1.3652101870320621e-05
1.1351660077707493e-05
1.082563335330633e-05
1.662401177782158e-05
2.2870873181091156e-05
3.007958684975165e-05
5.981099866403383e-05
0.00012223679368617013
0.00021161902805033606
0.0002680235556908883
0.00022857859948999248
0.00015366518709925003
0.00011144168456667103
9.620701894164085e-05
0.00010193694834015332
0.00011851411727548111
0.00011058434211008716
7.896520583017264e-05
5.8594660004018806e-05
5.8714873375720344e-05
8.040205284487456e-05
0.00015716684902145062
0.0002796802291413769
0.00044249927304917946
0.0007222728090710007
0.0012365195143502206
0.001558135059894994
0.0012854931992478669
0.0029530345927923913
0.007521129155065864
0.009485901333391666
0.006255284621147439
0.0022813516916357916
0.0005472905959322816
0.0002653935553098563
0.0006045415120752295
0.001374681931338273
0.0025551353173796088
0.00800657138461247
0.06143721123225986
0.3041065880097449
0.5883259437978268
0.49374883528798824
0.1708985168952495
0.018776392564177517
0.0029305358475539838
0.0008570693753426896
0.00043210272997384896
0.0014987701724749056
0.003290364424174186
0.0032498654909431934
0.002161307871574536
0.00120941506975214
0.0003964355291827815
6.875825283714221e-05
1.8330893681195448e-05
5.376038814119966e-06
1.6435725598284991e-06
7.879802836896488e-07
6.401764522934172e-07
7.486897999342546e-07
1.0134747299161972e-06
1.3073185129997e-06
1.5311364052195131e-06
1.7385692387961171e-06
1.9946432985307183e-06
2.15226106092814e-06
1.919885164625157e-06
1.4505517356155906e-06
1.3560222384967346e-06
2.456510912907106e-06
5.864423002321928e-06
1.5159479744397684e-05
4.3831726088683354e-05
0.00018787964290822853
0.0025746222891029897
0.01900395198026672
0.05679511674679816
0.08340845070779324
0.06892384774982929
0.040254347026348114
0.032608225010335445
0.11735873110592364
0.38040891382843256
0.6542150899767876
0.6149181127548218
0.30746224080212414
0.0687309999993886
0.0031713260821675257
7.039644785322709e-05
1.2138120553117917e-06
3.1574150938240564e-07
6.114649551136608e-07
1.1559805201954987e-06
1.2520968084572814e-06
9.80902370883996e-07
6.316555882790453e-07
2.925847422119432e-07
1.1986531589514016e-07
6.93752069125253e-08
4.9393818812859536e-08
6.95447619492029e-08
1.2136036708909614e-07
2.912868239945965e-07
7.396509538182272e-07
1.741796552323649e-06
9.719958228515678e-06
4.5440016890552215e-05
0.00013537229369831039
0.00018493226161808707
0.0002087376924464479
0.00026316899675293826
0.00018050832773042205
4.3205489063780085e-05
3.7824334810920854e-06
5.971445631303141e-07
2.4325195795427135e-06
8.57063676562575e-06
1.8243365843773063e-05
2.341307526876335e-05
1.8932859347842168e-05
1.1946699942200212e-05
1.1740516583813587e-05
1.4619653029512847e-05
1.3080457847536309e-05
9.04377918686805e-06
6.090421379667532e-06
4.193323150047945e-06
3.1716332387077273e-06
2.9602997528854758e-06
2.6634922107859893e-06
1.945464276786879e-06
1.428809952130905e-06
1.3346180480766634e-06
1.7347101675113663e-06
3.396971095526169e-06
6.8020960952708265e-06
8.979813628684497e-06
7.152206705995923e-06
4.618125444721954e-06
5.147087392742833e-06
8.883731197784073e-06
1.330580221292621e-05
1.4270981182562537e-05
1.341720098935184e-05
4.191537482256535e-05
0.00024199136123570494
0.0007013393442321103
0.002003110246732831
0.02506243946845643
0.23437031393405047
0.6058550365269184
0.6842355504631996
0.37992297578603035
0.09926376983639786
0.00896872833982343
0.0004402848333597832
1.0039301244546552e-05
8.866032317200735e-07
3.5115650121042563e-07
4.320958879588943e-07
3.888985098399189e-07
1.9946479135057873e-07
6.63287202939955e-08
3.653910063405874e-08
6.320112611035711e-08
1.1539117750203332e-07
2.51012531649053e-07
9.446642970090123e-07
5.140065852060616e-06
3.423654317202818e-05
0.0001492371939093573
0.00036940074460289907
0.00043310717410349753
0.00025271112099289894
0.00012050024724885589
5.9009727067405045e-05
9.028877570926854e-06
1.8259327134728665e-06
4.55186261660856e-06
1.2260464870905707e-05
1.847174712565902e-05
1.746692396409344e-05
1.437827768313582e-05
1.290547493226768e-05
1.3621973721456015e-05
2.2246248818191816e-05
4.189756828054669e-05
6.10663491897867e-05
6.238441528694239e-05
4.856842315348331e-05
3.607376493164338e-05
2.6493074983591214e-05
1.617600787540141e-05
8.729463388590375e-06
4.359485046734335e-06
1.7984191629238924e-06
1.3455846783472225e-06
1.8882775236761518e-06
2.204888858159393e-06
2.2169701878738124e-06
2.2828584747003333e-06
2.4751708451731247e-06
3.344042113440082e-06
5.286573639295966e-06
1.1775634334298957e-05
3.712941133926506e-05
8.000457910384284e-05
0.0001458062124584103
0.00031827505335968453
0.0006601434943149798
0.0014436026831390336
0.004044257279019803
0.0098676280467771
0.021854560589417815
0.047248581890016794
0.06339037511497736
0.04369830060750246
0.016285786754451692
0.005128472403157503
0.008047051262110472
0.027092067117337137
0.05774177983403206
0.09723770432174206
0.1022430993616581
0.050300757866352803
0.012673419201746583
0.008081685053184628
0.005301308585330844
0.002678526405361481
0.0011929181491723284
0.0009188970579998568
0.0009991092083510011
0.0008322937719640322
0.00042828088407986803
0.00014097603343543597
4.029293381790922e-05
1.37955867103301e-05
7.151004808747531e-06
3.886135345965158e-06
3.056458695027686e-06
3.455495971138589e-06
3.855854743051168e-06
3.600384843593929e-06
3.541441913057497e-06
4.164987785770791e-06
6.466285526585125e-06
1.6069398157014803e-05
3.699890453390253e-05
6.671439859928796e-05
0.00012932770914630964
0.00022226191140362062
0.00024219324041041546
0.00015108844763744855
5.811605569761014e-05
2.455843286952586e-05
1.418526528595976e-05
6.5013962284865565e-06
4.46973297130171e-06
5.968853201920865e-06
8.676191100676078e-06
8.49330081109656e-06
4.756329730071229e-06
5.183791415674932e-06
3.5809829199706655e-05
0.0001909646646254259
0.0012581062073877547
0.005568000095081516
0.010156119184102863
0.01033497927710414
0.00966011662967503
0.00873198569752276
0.0053743915050290525
0.002195418936025817
0.0007167650619521738
0.003165606503898743
0.10963698492560069
0.36600908264517784
0.4678094983100891
0.2677762252278626
0.06608737533679233
0.007306803250685336
0.0009565016516717151
0.000686596569721587
0.0007325398473767564
0.0011764923838200048
0.0014049479505047202
0.001101934612961486
0.0005870454078831244
0.00026079133385792375
0.00017182844567287248
0.00011684730543493062
4.7056838184289525e-05
1.2515904359133858e-05
5.5134387366706505e-06
5.690624675480649e-06
7.679944928895566e-06
9.805870490708912e-06
1.4988257589720888e-05
2.344751283089863e-05
3.219502059437218e-05
3.48472649420728e-05
2.489629332558252e-05
1.3285847103361448e-05
7.48147141393929e-06
3.843014837912051e-06
2.5053159333765507e-06
3.939090106541698e-06
8.69776744139017e-06
1.5232822534017032e-05
1.9706299099198077e-05
2.8601357826119056e-05
7.86208961471857e-05
0.00023980754031072135
0.0008844595504342577
0.00452864020189736
0.012040429224725813
0.017634789925068617
0.016972115263342857
0.019949862267822027
0.058604428544640534
0.2722667995840311
0.6209853030741215
0.7243498042225838
0.47922509536147123
0.17790182109456512
0.030260298270150095
0.002434553876810242
0.00032166953042178653
5.20560167842632e-05
5.075832433476536e-06
1.7730425554418618e-06
8.254791765693881e-07
4.2643387132557114e-07
1.704847902850304e-07
4.460586089383157e-08
1.8642737797947007e-08
5.3037605973749173e-08
3.2386530790518004e-07
1.0715680573980535e-06
2.60196492263276e-06
8.665878965530283e-06
8.006697908058412e-05
0.0004036174527755065
0.0006634469464188442
0.00048720608174335217
0.0002620116756588686
0.00013571575118476176
3.210178559243105e-05
4.640887482310064e-06
6.345964465026555e-07
1.8005289064149108e-06
8.4754540381482e-06
2.0543879827528144e-05
2.947723487523035e-05
2.7636428512778366e-05
2.1894513338338584e-05
2.723839179452625e-05
4.267607164365472e-05
4.944276861351682e-05
4.135210838285275e-05
3.269320177423651e-05
2.921132045230479e-05
2.5218111204594607e-05
1.9072109807893867e-05
1.338087827207346e-05
1.0300844223820604e-05
9.115599596043467e-06
7.653724424017128e-06
5.449853119898762e-06
4.295717189961579e-06
4.881389031652361e-06
6.671469463981339e-06
9.062057074515906e-06
1.2810226280635106e-05
2.0150253931205953e-05
2.865101805582526e-05
3.492701671348186e-05
5.297371262713568e-05
0.00010706670855142875
0.00020385768584674224
0.0003652107043308206
0.0007835618744138628
0.003636607740190811
0.008172484551323578
0.009461255744099617
0.008198174182325602
0.006073643016861752
0.002747192076640204
0.0006198695373313968
0.0001849581331043737
0.00010307183947588783
0.00012638679436349776
0.0012899039338662985
0.004875816055573523
0.00871945801191032
0.0134590829256922
0.02448371145874262
0.03597406577318907
0.033152474323287606
0.017971897614188492
0.005959658792562551
0.0013057135306553393
7.257389211190458e-05
8.222552878578428e-06
1.5343312469440209e-06
6.966515400108619e-07
4.808967943858988e-07
3.816053748550985e-07
3.8324476037132627e-07
3.8600241936137536e-07
3.098209759855308e-07
2.3896920708921243e-07
2.2795249776663695e-07
2.9194998063530875e-07
3.8063117813180725e-07
4.6878129467131657e-07
4.81127187867969e-07
3.57789176064216e-07
2.5931661440381504e-07
2.4424924660593206e-07
2.666101579507085e-07
4.6541287801460385e-07
1.2456063700483355e-06
3.130805652062918e-06
6.567838113369362e-06
1.1713082926689822e-05
1.97915705939522e-05
3.5268224110041047e-05
4.519246294876211e-05
3.306700409666519e-05
1.5790016618666414e-05
8.520109304299694e-06
8.483179385621042e-06
1.4426938832912128e-05
3.217842368030688e-05
5.5587040151294786e-05
9.191186836687848e-05
0.0003196143607056001
0.0007710984427831136
0.0009994897263823077
0.0011968992766924202
0.0022844713676022366
0.006139945879112929
0.012503475183621049
0.013326445186976343
0.006534786094562151
0.0014974976365920158
0.0005419482877186965
0.0002604721357784001
0.00010256797759211624
5.4126634040585486e-05
2.8831997042289007e-05
2.3623859760846244e-05
0.00015858658935030687
0.00033260119107580977
0.0002640826969582122
0.00011452776561782231
8.818477726890706e-05
0.0001741354190016864
0.0002368423174630152
0.00015188674660748802
6.911778382345801e-05
4.8240262003673706e-05
2.9577688337667496e-05
1.527130893919093e-05
5.682837525000651e-06
2.090329587645101e-06
3.033104178484791e-06
8.445467358342285e-06
1.4378071227838518e-05
1.781194578143186e-05
2.635548980833846e-05
4.353970325610135e-05
6.896235481690383e-05
8.039197837206302e-05
5.857130599906669e-05
3.5701608339877566e-05
2.8187409043312073e-05
2.460337600496132e-05
1.9706925968421274e-05
1.2300275102461455e-05
1.0433809848109377e-05
1.4715590623382013e-05
1.7062017377611483e-05
2.200859535150812e-05
5.238644871496945e-05
0.0001030663879646454
0.00013511050929082558
0.00013241441956779454
0.000113109501398867
0.0001248820572072873
0.00018377324886387214
0.00024889288397389464
0.00028423248295439407
0.0002618025173433125
0.00017385371211275924
7.602726327604614e-05
4.235712731315289e-05
8.316320236190222e-05
0.00026549279573373497
0.0004280310204194393
0.0003191239266016055
0.00015243021152855363
9.349162610305939e-05
0.00020469930495892183
0.001023825761876651
0.0071435918216593555
0.027683963766321536
0.07184508163481951
0.09017540188506246
0.045195538288680843
0.005844942421390443
0.0004674020528909751
0.0001721062999422429
9.920826653342375e-05
2.147353757209203e-05
2.0405006239343493e-05
4.665827964345226e-05
5.652722029481083e-05
3.658974446807406e-05
4.365595486888196e-05
0.00036248014794182376
0.0018073634892061816
0.005605229176580906
0.01907522336114198
0.043601078912615776
0.0882106814533472
0.13178851269185543
0.11406294349581003
0.057469726540148265
0.019431133812759075
0.0044804413300880705
0.0007291013616850251
4.981947859050707e-05
1.3494043287209934e-05
8.619740015092248e-06
4.7196692491979775e-06
1.5753127939888147e-06
4.818014680552096e-07
2.136116865614213e-07
1.1477797734471552e-07
9.238925002819087e-08
9.59841734982092e-08
8.684017416271672e-08
6.538501917674466e-08
5.1210783169608476e-08
5.306430939100437e-08
6.920689799017055e-08
1.1126984844622712e-07
2.220406862818436e-07
5.228991888373002e-07
2.0712466479722025e-06
9.645499488897258e-06
2.275695237585751e-05
2.8952663342352025e-05
2.447497445245972e-05
1.8286793874722207e-05
1.356357233817107e-05
8.905479830900731e-06
5.644257043968537e-06
5.530207204174076e-06
1.237111655427725e-05
3.5666263102029916e-05
8.815251385385636e-05
0.00016641265938233119
0.00020231537564541213
0.00015522386092925444
0.0001101565267163096
9.261843297281303e-05
5.1022601667227725e-05
1.3080623944006222e-05
1.0864167336421815e-05
5.378189371185726e-05
0.00031090032962310943
0.0010232544555037748
0.003415882601984776
0.007496642472688109
0.008185721177142113
0.005541117396205664
0.006070484116207808
0.007429966004565358
0.006443419144488871
0.010638368199579418
0.05574325763154774
0.29401964833959937
0.5230948254466057
0.35924514010548597
0.09148618619656192
0.00956839427817613
0.0004856000959989615
0.0002949035633719177
7.815019716872486e-05
3.6247192838345654e-05
0.00011766794386858236
0.00020394480452523567
0.0001523085425105819
4.880422301312138e-05
7.80784959886205e-06
7.881111905305717e-07
1.2607844102063837e-07
6.149651810005707e-08
5.342338393887758e-08
6.063085855601003e-08
1.0557238816488734e-07
3.109886641539106e-07
7.654718992000653e-07
1.408462836138824e-06
2.9082617345466133e-06
5.87295397735943e-06
7.46327305023442e-06
5.384970393151889e-06
2.628272568472312e-06
1.5928139873722102e-06
1.8686161524783529e-06
3.21013391157976e-06
4.980298228929314e-06
6.184156859490031e-06
7.647136612831673e-06
1.1107768500551174e-05
2.2333632614390808e-05
4.7702350457257126e-05
0.00011551084753591566
0.00041594518552301446
0.0012827066748286597
0.0035210938658565283
0.006960178609006107
0.009499985259026289
0.011276946170255542
0.04639344243332743
0.2909723757766187
0.6994003616273403
0.7702751606702805
0.4137023924849928
0.09721002831065563
0.005209877259289898
8.26374484077519e-05
3.994382220540161e-07
9.6971946916824e-08
2.0990678795129722e-07
4.775710564786095e-07
5.121294570642476e-07
2.8812030095082264e-07
1.0868486954862534e-07
3.86095915239082e-08
2.837383439313612e-08
2.1876867117853746e-07
1.6608431572251445e-06
1.144485243287363e-05
9.988997169330104e-05
0.00041725242863321904
0.0009528708033030853
0.0011137845649500377
0.0007521244842791931
0.00043533521056815516
0.0001895262777225071
1.9731117752996855e-05
1.955710359879959e-06
9.877942872549283e-07
3.0773506836112574e-06
6.342567019146372e-06
8.424438988186012e-06
9.293775974583696e-06
1.5975305359461345e-05
6.432613213291916e-05
0.00025191138047375716
0.0004812437873624731
0.00047544196422677487
0.00030691720530739985
0.00018631826060300227
0.00011011658170900775
6.317941733868793e-05
3.98505349039624e-05
2.3820268324925564e-05
2.1080382339278003e-05
2.059951680166705e-05
1.256749283129466e-05
6.117686666584632e-06
5.208405127632432e-06
8.66792140641337e-06
1.6316326991727692e-05
1.901010045912699e-05
1.1598206015150938e-05
4.488096124077856e-06
2.884602849917428e-06
2.816744540723448e-06
3.2577866022620583e-06
4.029580964015622e-06
3.949060214836209e-06
3.5645078924062545e-06
4.0925634721133974e-06
4.546955665318819e-06
4.110140764623793e-06
3.344685012507398e-06
3.161163192544336e-06
1.2052071326706935e-05
8.025849228943116e-05
0.0007784109275235095
0.006465321592258987
0.02437090064631775
0.07022323925048113
0.10418919753283262
0.07389602903276682
0.04402555339038372
0.07735966239124537
0.15451618656516075
0.19523805379867554
0.14302818104624748
0.06777208112180233
0.03152490267530084
0.018078316003084183
0.008902743022190407
0.002498228823242244
0.0003183373319188832
7.394549720629584e-05
2.608477984722413e-05
8.04207354576647e-06
4.662664878196665e-06
5.5717682698741555e-06
5.795135109565308e-06
4.003719766387803e-06
2.7300953320263943e-06
2.8485788448051608e-06
2.7072270256667252e-06
1.7174657642726745e-06
9.155234579338868e-07
5.998042453825292e-07
4.32761019908412e-07
3.3162549328835667e-07
2.9275190627231495e-07
3.354756685780558e-07
4.1863913935458186e-07
5.042894670737041e-07
6.474922997767862e-07
7.626626938872505e-07
7.947060538526785e-07
9.962759293102863e-07
1.6525770121234018e-06
2.7922121716983384e-06
4.275549258636602e-06
5.991918214931502e-06
8.04571016033151e-06
1.5679799389545224e-05
4.707863968178572e-05
0.00025912796627380885
0.002152320985260303
0.006911805423442274
0.02496272732969373
0.1571741586085409
0.47335710003972054
0.7311766967177391
0.6173818334937096
0.27105311630293727
0.05467968294396997
0.006370239670104639
0.00038705180503484376
1.2158923119898192e-05
6.369794789407025e-07
7.185417949528983e-08
8.782138394280992e-08
1.797142186177325e-07
2.481764340700465e-07
2.3727431397446708e-07
2.0122240940168012e-07
1.9986714505648706e-07
3.0614152990438015e-07
1.0496655633573937e-06
6.434168426494579e-06
8.027752960515498e-05
0.0002987567895615939
0.00043973230640403926
0.00029749917302979156
0.0001113035168600618
3.971351543441415e-05
1.1684386890919997e-05
2.112538851406498e-06
1.7063758832591702e-06
2.8477692524120357e-06
5.809997503547493e-06
1.0325535640731687e-05
1.3692290849576239e-05
1.4681976836072863e-05
1.4321477692647022e-05
1.4231393379304791e-05
1.2916875675728079e-05
9.952974778570933e-06
9.109077836910728e-06
9.640380085329525e-06
9.618985131965019e-06
1.2086277820344549e-05
1.7512073782199877e-05
1.9059536725762882e-05
1.3370555734582013e-05
6.594527462766565e-06
3.0398079218230123e-06
1.835102892755458e-06
1.6358771404156869e-06
1.399342579588847e-06
9.372158302767276e-07
6.166562798171071e-07
6.050632350707019e-07
8.946875880155858e-07
1.4254214448783387e-06
1.8058819932775805e-06
1.7197615420627699e-06
1.7391290612067678e-06
2.457349353335303e-06
3.322096972624422e-06
3.545831930296117e-06
3.5781836800197198e-06
5.484592293214519e-06
9.984165103560372e-06
1.6016794916140498e-05
2.812830302900693e-05
4.496146675592172e-05
5.7967175052908715e-05
7.64297337809694e-05
0.0003545108502294169
0.0016215805990213992
0.005258073506411165
0.012296267901547253
0.01711267651990056
0.012495469156419858
0.004344457702245564
0.0015333215415012091
0.0031992605654522777
0.008178335498087108
0.02494469762314111
0.04998549399897456
0.053752228152006865
0.033242347883060575
0.015941250720061362
0.007995354651939124
0.0034188082427135673
0.001044654189172434
0.000129646778532333
2.2691872345603773e-05
5.542828077409468e-06
8.372517044108464e-07
2.7972696159395127e-07
2.7365292254444284e-07
3.436799929090739e-07
4.068108765409306e-07
4.859278917024312e-07
7.56717469130308e-07
1.3843968389437578e-06
2.70277089953197e-06
5.000966098123172e-06
6.773801715098671e-06
5.922860793816653e-06
3.456626387787765e-06
1.8431506703109337e-06
1.4186350085765298e-06
1.2621065934581566e-06
9.813892063448293e-07
7.217714568241718e-07
5.730038523665826e-07
4.4776222551945466e-07
3.9513120242418154e-07
4.6011637522269666e-07
5.338741004834446e-07
6.172014082039823e-07
8.183153568097623e-07
1.0505273451144603e-06
1.2173794061709486e-06
1.2538826013042126e-06
9.430115284203566e-07
5.156314628607106e-07
5.096031969742398e-07
1.644137661571676e-06
5.238756514813758e-06
3.23447414984912e-05
0.00028396929405971605
0.0015914918731141368
0.012434394666342994
0.13234843604732305
0.3955267630517483
0.5748026818037033
0.4919743835926056
0.2574421353638172
0.08075999724678697
0.017620071404962804
0.0030124406584945977
0.00018145021203963554
2.8743097345795835e-05
9.880360721581383e-06
5.840972391979449e-06
3.419717700126057e-06
3.0362481879819825e-06
4.016041998511355e-06
1.4097570897320109e-05
3.347461768044013e-05
9.07017883946537e-05
0.0002548341744841309
0.00038285688424366526
0.00029565690601884853
0.00014537838796968572
6.547585121552402e-05
2.4193091803681458e-05
1.2424004353306373e-05
1.8078357470585615e-05
2.9356431696214713e-05
4.1667626646813005e-05
4.023489009341574e-05
2.8228341307112718e-05
2.455320554872742e-05
4.5464139020623406e-05
9.059999092642101e-05
0.00010891035890381318
8.939194958657026e-05
9.64784649113426e-05
0.00011970401465077884
9.542605175738572e-05
4.531656031758758e-05
2.5128425932052778e-05
3.258181095588952e-05
4.900590192846721e-05
6.777700218663085e-05
8.268415331258439e-05
0.0001044040127453627
0.00012392465760058258
0.00011171983533131424
8.82112690305803e-05
8.71867268870119e-05
9.658556155045517e-05
0.0001055188386089867
0.00011841848208860029
0.00012345960021775682
0.00011715404252754524
0.00011942404853471089
0.00014847085185465403
0.00021337143698474392
0.0003463056782493368
0.0005536093594855629
0.0007461094210157171
0.0007962449308251962
0.0006273274557315744
0.0003539058525348082
0.00018661409558262676
0.0002081283601000905
0.0005077292371424846
0.0010598242079140618
0.0014607584162149578
0.001388099801260978
0.0011606744665186852
0.001151107979239896
0.001351713464828208
0.002016232523601502
0.002864908194169402
0.005701546208001673
0.014625078649260104
0.026854738825932145
0.03135229181498289
0.02291965251788497
0.010825612815096976
0.004967382876202464
0.0037571005523204803
0.002554155216785148
0.0011715540022123605
0.0004129444623686141
0.00013700441195396706
0.0001497492066846462
0.0001863638826762326
0.0001474224409321323
9.248959213437047e-05
6.248564113775501e-05
4.104925892534084e-05
2.453005185998336e-05
1.6761989627411822e-05
2.5585920639059623e-05
5.510753589987871e-05
8.936853100749431e-05
0.00010668869072105736
0.00011779680062318221
0.000125922868392081
0.00010332389138056897
6.115653650340391e-05
3.385985246495693e-05
2.994957503688056e-05
3.948988205593196e-05
4.817637181986356e-05
4.271718762538512e-05
2.411040873084858e-05
1.0769299592539028e-05
1.5498151697102003e-05
6.197928189521917e-05
0.00016451262217742624
0.0002110738460032735
0.00012482500142141362
3.562639108167787e-05
2.5899224056047387e-05
0.00011442644995440786
0.0004742226237794966
0.000887112932105083
0.0013932364236097783
0.0021600195759674534
0.005089833575766534
0.011655658250674605
0.01448829984292388
0.009495867358054966
0.012130420538596807
0.02445182198425755
0.027515428140759468
0.018685090937651694
0.007181690671131947
0.0012003619194729254
0.0006662642335868441
0.0004303230307414197
0.0001982755675271619
0.0001007654154818738
5.094352309242822e-05
7.534817450505216e-05
0.00011923256533918902
0.00019185290875611827
0.0004910421012027655
0.0010647224262356758
0.0013513492158381268
0.0009709298828965985
0.00045580516598420223
0.000286844908259809
0.00033516936673549935
0.0003881886223098263
0.0003503498373902403
0.0002675212745089084
0.00017801984211018862
6.430883661323607e-05
9.275686920773296e-06
2.706689326714695e-05
5.4503912451764336e-05
5.409349296314758e-05
5.020741537009599e-05
0.0001651581228543364
0.00032277392529067583
0.0004862993009737693
0.0011288572641205974
0.008505804173182696
0.14594190631760282
0.465236964635551
0.5784717053174973
0.3109170468524099
0.06327478589082604
0.004098343822988682
0.0003251375646868837
9.631715090563377e-05
1.3036023318591107e-05
2.503762743799598e-06
3.302982662489739e-06
1.0093340677030938e-05
2.0144873815297615e-05
2.2289770868155756e-05
1.7430350453651045e-05
1.9808974002444302e-05
3.065701457671821e-05
3.6125111364526674e-05
2.690211908884521e-05
1.3464222888615042e-05
7.870441663726524e-06
6.97945540650835e-06
5.889463182029431e-06
5.656522262142971e-06
6.953980118851177e-06
6.3009242694533896e-06
3.471125211262916e-06
1.6949610426308936e-06
1.4532935210809228e-06
2.1957697526886477e-06
3.875584042134506e-06
7.758839615235047e-06
1.339286075108248e-05
1.577486477799539e-05
1.5111536413314752e-05
2.192506258325011e-05
6.353975459205685e-05
0.00022049711878935338
0.0008723069076950195
0.0021984302438795567
0.0035110590397380292
0.004912470118142664
0.011853660107590258
0.11209694249555467
0.4320754646323621
0.7719432711601257
0.7226037159562111
0.3517275995109231
0.07477567358000671
0.0026648578003687366
2.454670383400526e-05
1.489986772185148e-06
1.329145060680048e-07
1.3487837335901531e-07
3.6375089074169864e-07
8.744673891669663e-07
1.148307362086598e-06
7.369389045663867e-07
2.508908458764836e-07
1.3104303775435255e-07
1.593867473559385e-07
1.9876224044423907e-07
4.802835960049379e-07
3.4203365828489036e-06
2.8803143266031835e-05
8.757607952247781e-05
0.00014544407167704776
0.00014325179654406384
9.71531535469694e-05
6.620547583224834e-05
3.527064114905443e-05
7.271957031207423e-06
8.027808888755318e-07
3.598390918568839e-07
6.508680883143825e-07
9.569211414373058e-07
1.7780997865202153e-06
4.529904941819041e-06
8.774218713369919e-06
1.04736941466399e-05
8.161533514794428e-06
5.282814527163282e-06
3.417281078554879e-06
2.0924299235502986e-06
1.5151326806517318e-06
1.4721222214575391e-06
1.5163753914748668e-06
1.5131489874420367e-06
1.5725705679869861e-06
1.991727231143159e-06
2.6344879699990997e-06
2.895687998716312e-06
2.7267187192592246e-06
2.416619793166319e-06
2.1079930547784897e-06
1.931375976482741e-06
1.6747071640565991e-06
1.1976991061146691e-06
7.550186111870971e-07
5.323479257413055e-07
6.184220566751719e-07
1.1410904789954657e-06
2.2305725337901094e-06
3.881337420352793e-06
4.832873855775688e-06
6.942378604435362e-06
1.857556253526127e-05
0.00012120204064558492
0.0005061005513198324
0.00242600726778619
0.005329291918314993
0.005048735823947936
0.00197432564891642
0.0003170133877574699
0.00012740035526803695
4.867265943175881e-05
7.17253551556496e-05
0.00021195794488448882
0.000423361732828198
0.0007820831233402714
0.0016660799883538857
0.022705380601109933
0.23442285321652886
0.5055086240172386
0.40254660136997705
0.11992733011720705
0.010844731121324004
0.0011758673645090312
0.00046346416820597375
0.00014442914925894004
5.113642600917956e-05
5.062213949713623e-05
5.145217619428877e-05
4.8981865802488755e-05
5.511043400474591e-05
5.306962884787936e-05
2.976027462864295e-05
1.0124716993686889e-05
3.7579763443318374e-06
1.6694194471256198e-06
9.262944189458722e-07
6.750731529336917e-07
9.60553208528836e-07
1.980022346970145e-06
2.9083030881338345e-06
3.29934806586607e-06
3.99420588337307e-06
4.405152367326082e-06
3.5748807931668125e-06
2.4140960874774464e-06
1.7261158120618347e-06
1.3208956488597323e-06
1.023842102654271e-06
8.879096640157513e-07
1.0215457137974226e-06
1.2492224925608753e-06
1.3409310497536353e-06
1.521176017149628e-06
1.8456679242717655e-06
2.0454929199331673e-06
1.987983381468439e-06
1.962087651463662e-06
2.5498780757970962e-06
3.409718090097158e-06
4.1651854871815885e-06
4.940629594329948e-06
5.017795729145291e-06
4.021067525172839e-06
2.968884700749186e-06
2.5866746113933914e-06
2.3426720758834563e-06
2.352960166263074e-06
3.5096667829748185e-06
5.7708848544280045e-06
7.095871524143149e-06
5.830034353948577e-06
3.7112055224497458e-06
2.5137939019259647e-06
2.314213702447887e-06
2.947238328943058e-06
3.973959451286646e-06
5.102898057884886e-06
6.241937967388367e-06
7.1996680617303355e-06
7.708948828621942e-06
7.390173664134636e-06
6.412381253539934e-06
6.373326527864265e-06
8.922125516619417e-06
1.1771163372031879e-05
1.560123769195343e-05
6.652200204371184e-05
0.0007912209821370196
0.005710135705157881
0.02298193291062489
0.05953903030604124
0.08663409389555454
0.06357114622369409
0.019938377983635295
0.001836931121943053
0.0004661077196033148
0.00010443478706179123
7.614374879949539e-06
1.0081353707391827e-06
3.0782690316755175e-06
1.7226537948999976e-05
5.300603629621037e-05
8.577413154853275e-05
8.066504233283922e-05
5.1918133976869285e-05
3.298813226138009e-05
3.242648108425783e-05
4.027981594845187e-05
4.2002018744824454e-05
3.526178898027865e-05
2.7543721444089897e-05
2.7530531951924786e-05
4.3902596189582255e-05
5.806649187434232e-05
4.8925185183179565e-05
3.511789918775321e-05
2.5107979809035896e-05
1.2183294245460276e-05
3.766452039144497e-06
3.74233565025861e-06
6.571731199755959e-05
0.00043644526294883684
0.002032458574831253
0.004286787618184462
0.006363685475662351
0.030411455780267712
0.254693467868492
0.5962158888578415
0.5476611936464906
0.19561456481460485
0.017384163278620694
0.0014244819831219504
0.0002554466291257995
0.00010109985123563094
7.528396508860169e-05
6.558143559232121e-05
7.730931429250631e-05
0.00010672768894437468
8.759374213695992e-05
4.4630342245000065e-05
1.8817181398844696e-05
7.350381679316343e-06
4.341454314271687e-06
3.251504608670075e-06
3.569919158508128e-06
4.224498752591899e-06
3.8555515402549645e-06
2.543289099321555e-06
1.6720175892714906e-06
1.4815971383086435e-06
1.3416252784281824e-06
1.322418597737851e-06
1.6286717254843097e-06
2.7325221196861094e-06
5.103454498112114e-06
7.487221068913641e-06
8.606265282651293e-06
8.922341521611088e-06
8.141446414811071e-06
6.908482873768662e-06
1.058959924193914e-05
2.3758210772939492e-05
3.5028221191168996e-05
3.102226219198201e-05
2.468811726430431e-05
2.993123507621931e-05
3.978887980338186e-05
4.801852446689736e-05
6.708082310069585e-05
0.0003180387857355526
0.0013522341250791214
0.0034050432150252163
0.009808294998947531
0.02800802723504603
0.048389708157628775
0.05117679946124554
0.04327135346829891
0.03742197388783097
0.029981290455907583
0.022943881805986166
0.028914949391037226
0.06286013964563608
0.10011466406285763
0.08719158032909036
0.04041344719007612
0.011751554324291648
0.004465651174541563
0.0028737933898810297
0.0017015601406455973
0.0006636357211391443
0.00023504131604568104
0.00012302922004892025
9.271068483940326e-05
9.159805085801054e-05
0.00010909298362093978
0.00014702714543091133
0.00016607859288342297
0.00014261964133766014
9.844533997238614e-05
5.310881442710525e-05
2.613357537484262e-05
1.9853591311402852e-05
1.943955658134655e-05
1.9151272226736182e-05
2.407330293863197e-05
3.209180249541532e-05
3.6124542020843364e-05
3.4675694678298896e-05
2.4851349280652357e-05
1.529694509372348e-05
3.1081587167136604e-05
9.974947943192092e-05
0.00018246226136398036
0.00020603552911779843
0.00022400351735996082
0.0003434100217418745
0.00047165771684376523
0.000479609465401154
0.0005498930113390088
0.0007294428141904064
0.000818866552435793
0.0011017140204785392
0.001585937337949872
0.002475837303791195
0.003934493492124602
0.004594416008330882
0.005942954332567751
0.03409510536585003
0.2595058926381171
0.6585152503103018
0.7612111791968346
0.44573381356894975
0.12483003898523751
0.01170728879151284
0.000807802188404594
8.449353032347064e-06
6.347938921180685e-07
3.194577615772687e-07
2.940815804208796e-07
3.7552150189412714e-07
5.211560605289378e-07
5.33150235071389e-07
3.3605531868374783e-07
1.4479306109649315e-07
6.453472956025053e-08
7.446892702489549e-08
1.1344876149621541e-07
2.1379210934924228e-07
2.9305894599929157e-06
4.096330360425781e-05
0.00011551779130059003
0.00018261975856148638
0.0002108459229930304
0.00018326312419958413
0.00020382753791636787
0.0002526999123801943
0.00016837985549500445
4.8397096918506584e-05
8.893829999578886e-06
7.967597923652647e-06
2.1457198158714164e-05
3.7074841202411335e-05
3.949417259718757e-05
4.44706010966911e-05
6.980342550377827e-05
9.501735257799737e-05
9.742617658048403e-05
8.197544229915366e-05
6.53253464406589e-05
5.8606145103112794e-05
5.817430610477459e-05
4.7175612053251825e-05
2.5421433406336295e-05
1.0916335668298416e-05
7.662991151846654e-06
7.842027571314247e-06
8.087502010312164e-06
8.436267307843082e-06
9.033038395500625e-06
8.765215284256556e-06
6.680094656985602e-06
4.368503823570791e-06
3.054139199321071e-06
2.3932399244586122e-06
2.1148067048670782e-06
2.114401695507695e-06
2.4032300984799804e-06
3.0069859917603026e-06
4.078619156189234e-06
7.497811168377666e-06
1.2224354236423096e-05
1.3067682175460504e-05
1.877411364148429e-05
6.065197817406442e-05
0.00027262977073405636
0.00045359889190876856
0.0002761569471658732
5.7853964335663484e-05
2.6309706754545914e-05
4.49181075055094e-05
8.536690711480333e-05
0.00011402504242141731
8.703417188371532e-05
4.5733647311863024e-05
4.9448281060904264e-05
0.00013819319701724453
0.00031513525573245715
0.0006312892364803702
0.0012872904480900615
0.002517945977160707
0.004484035074710846
0.005387707031331956
0.003529541398165748
0.0011887497166753749
0.00029938665466033854
0.00023004022659733891
0.0003880885378748644
0.0004964835461578332
0.0005022191617172211
0.0005848799846717156
0.0009701432572910562
0.001655490108532831
0.0020844017271883786
0.0017307338130194694
0.0010725996253313497
0.001113224949222058
0.0014533685753121972
0.0010744494647951797
0.0004458466664800654
0.00015831961263756966
6.838448371127015e-05
4.9180926907865796e-05
4.4415370211936533e-05
4.239098507241579e-05
4.1076840716414154e-05
4.24654790549539e-05
5.658495592797408e-05
8.895130213204538e-05
0.0001474364416935714
0.00020599500567186624
0.00022222339612198994
0.00022419774177251384
0.00031994663004297763
0.0005114226951263845
0.0005728983669541776
0.00040353817894356325
0.00019750553474295887
9.96294529613806e-05
6.614760877710069e-05
4.4694540520140436e-05
3.4162991141784005e-05
2.8382329674059292e-05
3.4131206120946445e-05
9.335683762401459e-05
0.00027986795430479106
0.002390795929386513
0.012704940425464882
0.020568159059621394
0.011700156865117608
0.0017628862879064404
0.00015428560800501148
0.00013827598741045222
0.00015644227642042097
8.466888903058135e-05
3.670644855446881e-05
2.1592556549876466e-05
7.675103347537515e-06
2.5035194823885836e-06
2.91034911015231e-06
5.6136711947374345e-05
0.00017561645131536352
0.000306050442304695
0.0005093005602248013
0.0019221477050450628
0.00825841078767553
0.07595640211366116
0.33868591533973813
0.6246935576200485
0.5193698238581419
0.17856573848985138
0.015015409240731973
0.0007400619942927733
0.0003006995821124292
0.00011572278708626982
0.00017834290247265017
0.0005203137188800611
0.0011101775744464248
0.0013914639421273023
0.0009288534201914446
0.00035587387174018664
0.0001171625513052277
3.4787549907377986e-05
7.855475246287824e-06
2.3091566276889353e-06
1.317964660074722e-06
1.3776035245882667e-06
1.3560563161263417e-06
1.194582836205882e-06
1.0891108956911921e-06
1.1412768685659103e-06
1.243873640532911e-06
1.3025736791405507e-06
1.239483708559419e-06
8.663097901262518e-07
3.973150342062582e-07
1.9346979840406675e-07
1.9229476322379924e-07
2.773081710927272e-07
4.2198282557137645e-07
7.344026187183772e-07
1.5020881392047158e-06
4.306907072759714e-06
1.1523761145326716e-05
2.7876361627932056e-05
0.00011285565778962335
0.0004295008211556705
0.0011903612685273401
0.0027248375408817083
0.003990812285337597
0.0062628029845654964
0.029052712139673528
0.17014704062603414
0.42966434359550476
0.5943928435444832
0.508306372910738
0.2515971134416759
0.05783718870952727
0.005109663943585475
0.0005557690279829331
2.8919585759012996e-05
2.5498031277493287e-06
1.2822359565234365e-06
1.8461651620782504e-06
2.808628181583117e-06
3.952979852783756e-06
4.7141873551481694e-06
4.168260375081445e-06
4.731080480269156e-06
1.7440367969356885e-05
7.825832108210307e-05
0.00014633599585067714
0.000153966906509595
0.00011913238404304138
6.523069077957189e-05
3.03812887523236e-05
1.664346643792669e-05
6.506557724605955e-06
2.5158031462524374e-05
0.0001050253980565685
0.00020658493303926662
0.00022503879154101014
0.00015428726146637928
7.351996282523032e-05
3.105090399913024e-05
1.932488248712616e-05
1.5223588889057282e-05
1.3987529200676363e-05
1.696943218121305e-05
1.7658155684330268e-05
1.425389041287417e-05
1.5868009541009087e-05
2.66475428816193e-05
4.267400163371349e-05
5.2191860049788374e-05
4.459470119400066e-05
3.259623917983845e-05
3.192974281773786e-05
3.712693251145538e-05
3.828161334240576e-05
3.095562396993046e-05
2.072754114124109e-05
1.641447943256935e-05
1.789210136848851e-05
2.0895795387332328e-05
2.091909573209705e-05
1.8123494101018878e-05
1.880347826954676e-05
2.6031762899947353e-05
3.5722665415960364e-05
4.226357486913912e-05
4.3526758418011013e-05
4.276389790902613e-05
5.294763559504645e-05
7.979902147781104e-05
0.00010230969928670675
0.00010465382365509868
8.973709554993547e-05
7.180433749454096e-05
7.069408275128808e-05
0.00011871117203554604
0.0009149767247436101
0.0035271785127406474
0.006888877192977816
0.014121650950983167
0.028599262703210115
0.03370195580646396
0.01955265220021829
0.005263600629405119
0.001022470518364571
0.0003599803949327907
0.00011641603305179161
0.0002806538341246778
0.0006571014982910128
0.0007519194041378796
0.0005910939362365752
0.0005467129085445777
0.0006495285488199443
0.0008481650147587061
0.0010848496167454869
0.0011719395115505904
0.001074836021871306
0.0007911713400972076
0.0003985616167483386
0.00014231621207727585
4.9713745283952455e-05
1.7631467926548794e-05
8.390320886064728e-06
5.933090960752452e-06
5.830079203406058e-06
7.186768243627739e-06
9.880404377327068e-06
1.279958132727188e-05
1.3872932868252974e-05
3.133780319330981e-05
0.0001440944874957495
0.0004076137156516779
0.0007430585392285138
0.0009694256004877388
0.0009310357418144122
0.000734713496058248
0.0009597699536243453
0.003368588877492584
0.014312181272543965
0.09852931019850074
0.3547624424099922
0.6393372192978859
0.5924379825592041
0.2646214971318841
0.04876340052578599
0.006240129820071162
0.0014117834543867505
0.0002770592977867637
5.1493557066351066e-05
1.306179046878242e-05
1.5724360082458588e-05
2.187991231039632e-05
2.044658685917966e-05
1.3106149253871992e-05
6.9854172579653095e-06
2.916860783130915e-06
6.127137197609046e-07
1.652768837345775e-07
2.457296375268925e-07
4.06466661218019e-07
7.945271605080961e-07
2.5304453288299555e-06
1.4011942113256735e-05
0.00011565395107027142
0.0003922773576050531
0.0006035309779690579
0.00045881002552050637
0.0002043543245235924
0.00010553165429882938
5.881183460587636e-05
2.3438495645677904e-05
1.9087640794168692e-05
2.0986050458304817e-05
3.403486425668234e-05
5.067801976110786e-05
4.578503512675525e-05
2.3173023805611596e-05
8.896816780179506e-06
6.553927732966258e-06
7.092909072525799e-06
7.962935683281103e-06
7.837431780899351e-06
8.654358907733695e-06
1.2751608551297977e-05
1.6086293499029125e-05
1.6809346561785787e-05
1.7769381884136237e-05
1.7672005924396217e-05
1.5144706367209437e-05
1.0620710497732944e-05
4.7944013488177015e-06
1.6552191368646163e-06
1.6736016448248847e-06
2.2029642536836036e-06
2.433051861316926e-06
2.2653302380604146e-06
2.115269410296605e-06
1.8653042559435562e-06
1.3952177937426313e-06
1.0739566818074309e-06
9.056812473318132e-07
8.44378504893939e-07
1.0173947373459669e-06
1.4871037876673654e-06
7.843311038868706e-06
6.419602556206883e-05
0.00039717818481221906
0.0012415092933224514
0.002366893779253587
0.004261642170604318
0.00767585972789675
0.009716902510263026
0.006820799128036016
0.002069418280370883
9.247799744116493e-05
1.2762355709128315e-05
2.2152867586555658e-05
0.0001031348542710475
0.00039160417418315774
0.001395050174323842
0.025831644670688544
0.2358724919031374
0.5201780293136835
0.4432343374937773
0.1481087518623099
0.015700715506682176
0.002190117753343657
0.0006176765855343547
0.00027625670190900564
0.00011334089322190267
9.422981929674279e-05
0.00011094315595983062
0.00013985893929202575
0.00013575636785390088
7.848319410186377e-05
2.8588715395017065e-05
8.229760290134893e-06
1.1586112371730908e-06
1.8203954255113786e-07
1.3562616629769764e-07
1.4336012377214047e-07
1.391731530020479e-07
1.895158217024573e-07
3.470043878905926e-07
5.770938145133186e-07
6.92319289896659e-07
5.888809369025694e-07
4.429565549912695e-07
4.015213193042655e-07
5.190249723341367e-07
7.822204111107567e-07
9.561657066115004e-07
9.274069583398159e-07
9.633483273319143e-07
1.2415299437407157e-06
1.5248432987391425e-06
1.5938026081130374e-06
1.718857532750917e-06
2.0040483263983333e-06
2.342524339837837e-06
3.0112635158729972e-06
3.727105649886653e-06
3.795928876115795e-06
4.0547738535678945e-06
6.527071661821537e-06
1.1413193078624317e-05
1.642680035729427e-05
1.804175303732336e-05
4.268164502718719e-05
0.00022196641043592533
0.0004775845427502645
0.0005030016036471352
0.00033101451117545366
0.00016836167924338952
7.362102678598603e-05
3.6127927614870714e-05
2.2378918629328837e-05
1.9184349639544962e-05
2.3314911004490568e-05
2.6382028408988845e-05
2.4809123715385795e-05
2.079801470245002e-05
1.5408000308525516e-05
1.2051444855387672e-05
1.455531582905678e-05
1.6442417972939438e-05
1.1207296665816102e-05
5.803100975754205e-06
7.173508265623241e-06
1.800629252102226e-05
3.1110507961784606e-05
3.225772888981737e-05
2.543388154663262e-05
2.1796890905534383e-05
2.2225628526939545e-05
2.233591339972918e-05
2.2249324047152186e-05
3.4336555927438894e-05
6.975315773161128e-05
0.00013292131734488066
0.00019159387375111692
0.00019548938143998384
0.00016621717441012152
0.00013815415695717093
0.00010079979801957961
5.928940117883031e-05
2.9243125936773143e-05
1.4799903738094146e-05
1.1697436320901033e-05
1.4976820466472418e-05
3.569947216419678e-05
0.00011608070462898466
0.00034187116034445353
0.000706403239746578
0.0011919285607291386
0.007289292145287617
0.11955861424212343
0.46002308325842023
0.7889711558818817
0.6854455880820751
0.286299160681665
0.04401594202681736
0.0012347978803290973
2.8819205088126416e-05
1.1928062644273043e-06
8.630313708124504e-08
5.6368729239864024e-08
4.296124078706498e-08
5.2293603225450624e-08
1.1396828458742903e-07
2.7180988837471887e-07
9.192298051630131e-07
2.5192153856323785e-06
5.368219831325405e-06
1.5516162193307537e-05
7.197651621027035e-05
0.0002916876710514771
0.0005503570209839381
0.0005313322617439553
0.00030698105911142193
0.0001174605795313255
2.7229536812001246e-05
4.4760885131722725e-06
5.556895033009823e-07
4.0704587433992856e-07
4.090825740377113e-07
6.932773928269853e-07
3.3991094383623017e-06
2.4848004130717524e-05
0.00010580461753306734
0.0002360975613555638
0.0009339824464404954
0.004306920520321
0.010873520746827126
0.015560216270387173
0.013388592400588095
0.007285723520908506
0.00961554259993136
0.12487649713875724
0.34909123182296753
0.3747518565505743
0.16795008839108053
0.028207241281052123
0.0035618657420855024
0.00043544199797906913
0.00024362750627915378
0.00013767708514933474
0.0001300886106037069
0.00017479708913015202
0.0001758612215780886
0.0001078073810276692
4.529307852862985e-05
1.938349168995046e-05
1.1677713018798386e-05
1.2768557098752353e-05
1.3634493598146946e-05
1.077782803804439e-05
8.011011004782631e-06
6.831336008872313e-06
6.641688969466486e-06
7.440801937264041e-06
7.071210802678252e-06
5.385816166381119e-06
4.2952256080752704e-06
4.726609972749429e-06
5.4579772950091865e-06
5.884691518076579e-06
9.30422788769647e-06
1.7652579117566347e-05
3.0878644338372396e-05
4.355472128736437e-05
4.095311487617437e-05
2.458219000800455e-05
1.3648746516992105e-05
1.1057388746849028e-05
9.75713419393287e-06
9.197105555358576e-06
9.559664022162906e-06
1.0670030178516754e-05
1.2213521358717117e-05
1.3438207361105015e-05
1.5505768260482e-05
1.7061044673027936e-05
1.6340564343408914e-05
1.8646857597559574e-05
2.173755183321191e-05
1.7500995454611257e-05
1.152326649389579e-05
1.1706328223226592e-05
2.1261495021462906e-05
9.563529329170704e-05
0.0003833576774923131
0.001149736221123021
0.0042241771589033306
0.02519782248418778
0.19941584416665134
0.5599021464586258
0.717613972723484
0.0
