0.0
0.0
0.0
0.0
0.0
0.0
0.0
0.0
0.0
0.0
0.0
0.0
0.0
0.0
0.0
0.0
0.0
0.0
0.0
0.0
0.0
0.0
0.0
0.0
0.0
42.76025603166793
42.76025603166793
42.141892423986945
41.82422588765265
41.50062131644942
41.50062131644942
41.50062131644942
41.50062131644942
41.50062131644942
41.50062131644942
41.50062131644942
41.50062131644942
41.50062131644942
41.50062131644942
41.50062131644942
41.50062131644942
41.50062131644942
41.50062131644942
41.50062131644942
41.50062131644942
41.50062131644942
41.50062131644942
41.82422588765265
41.82422588765265
41.82422588765265
41.82422588765265
41.82422588765265
41.50062131644942
41.50062131644942
41.50062131644942
41.50062131644942
41.50062131644942
41.50062131644942
41.50062131644942
41.50062131644942
41.50062131644942
41.50062131644942
41.50062131644942
41.50062131644942
41.50062131644942
41.50062131644942
41.17085247938414
41.17085247938414
40.49185013898772
40.14209399107353
40.14209399107353
64.66411365471257
64.66411365471257
61.16144243264081
64.57819615583817
64.57819615583817
64.49185013898773
0.0
0.0
60.95031371246395
64.83467996534898
64.83467996534898
64.23019769516755
64.23019769516755
42.141892423986945
41.82422588765265
41.50062131644942
41.50062131644942
41.50062131644942
41.50062131644942
41.50062131644942
41.50062131644942
41.50062131644942
41.17085247938414
41.17085247938414
41.17085247938414
41.17085247938414
41.17085247938414
40.834679965348975
40.834679965348975
40.834679965348975
40.834679965348975
40.834679965348975
41.17085247938414
41.17085247938414
41.17085247938414
41.17085247938414
41.17085247938414
41.17085247938414
41.17085247938414
41.17085247938414
41.17085247938414
41.17085247938414
41.17085247938414
41.17085247938414
41.17085247938414
41.17085247938414
41.17085247938414
41.17085247938414
41.17085247938414
41.17085247938414
41.17085247938414
41.17085247938414
41.17085247938414
41.17085247938414
41.17085247938414
40.834679965348975
40.49185013898772
40.49185013898772
40.49185013898772
40.49185013898772
0.0
0.0
0.0
0.0
0.0
0.0
0.0
40.834679965348975
41.82422588765265
41.82422588765265
41.82422588765265
41.82422588765265
41.50062131644942
41.50062131644942
41.50062131644942
41.50062131644942
41.82422588765265
41.82422588765265
41.82422588765265
41.82422588765265
41.82422588765265
41.50062131644942
41.50062131644942
41.50062131644942
41.50062131644942
41.50062131644942
41.50062131644942
41.50062131644942
41.50062131644942
41.50062131644942
41.50062131644942
41.50062131644942
41.50062131644942
41.50062131644942
41.50062131644942
41.50062131644942
41.50062131644942
41.50062131644942
41.50062131644942
41.50062131644942
41.82422588765265
41.82422588765265
41.82422588765265
41.82422588765265
41.82422588765265
41.82422588765265
41.82422588765265
41.82422588765265
41.82422588765265
41.82422588765265
41.82422588765265
41.82422588765265
41.82422588765265
41.50062131644942
41.17085247938414
41.17085247938414
40.834679965348975
40.49185013898772
40.14209399107353
39.7851258703449
39.42064208182268
39.04831933437518
39.04831933437518
39.04831933437518
39.04831933437518
38.66781301764712
38.66781301764712
38.66781301764712
38.66781301764712
38.66781301764712
38.66781301764712
39.04831933437518
38.66781301764712
38.66781301764712
38.66781301764712
38.66781301764712
38.66781301764712
38.66781301764712
38.66781301764712
38.66781301764712
38.66781301764712
38.66781301764712
38.66781301764712
38.66781301764712
38.66781301764712
38.66781301764712
38.66781301764712
38.66781301764712
38.66781301764712
38.66781301764712
38.66781301764712
38.66781301764712
38.66781301764712
38.66781301764712
38.27875528533859
38.27875528533859
38.27875528533859
38.66781301764712
38.66781301764712
38.66781301764712
38.66781301764712
38.66781301764712
38.66781301764712
38.66781301764712
38.66781301764712
38.66781301764712
38.66781301764712
39.04831933437518
39.04831933437518
39.04831933437518
39.42064208182268
39.42064208182268
39.42064208182268
39.04831933437518
38.66781301764712
37.8807529181162
0.0
0.0
0.0
0.0
0.0
0.0
0.0
0.0
0.0
0.0
36.190402488038
41.82422588765265
41.50062131644942
41.50062131644942
41.17085247938414
41.17085247938414
41.17085247938414
41.50062131644942
41.50062131644942
41.50062131644942
41.50062131644942
41.50062131644942
41.50062131644942
41.50062131644942
41.50062131644942
41.50062131644942
41.82422588765265
41.82422588765265
41.82422588765265
41.82422588765265
41.82422588765265
41.82422588765265
41.82422588765265
41.82422588765265
41.82422588765265
41.82422588765265
41.82422588765265
41.82422588765265
41.82422588765265
41.82422588765265
41.82422588765265
41.82422588765265
41.82422588765265
41.82422588765265
41.82422588765265
41.82422588765265
41.82422588765265
42.141892423986945
42.141892423986945
42.141892423986945
42.141892423986945
42.141892423986945
42.141892423986945
42.141892423986945
42.141892423986945
42.141892423986945
42.141892423986945
42.141892423986945
42.141892423986945
42.45383492638228
42.45383492638228
42.45383492638228
42.45383492638228
42.45383492638228
42.141892423986945
42.45383492638228
42.76025603166793
43.06134780322189
43.35729245403312
43.648263008993254
43.648263008993254
43.648263008993254
43.648263008993254
43.648263008993254
43.648263008993254
43.648263008993254
43.648263008993254
43.648263008993254
43.648263008993254
43.648263008993254
43.648263008993254
43.648263008993254
43.648263008993254
43.648263008993254
43.648263008993254
43.648263008993254
43.648263008993254
43.648263008993254
43.35729245403312
43.35729245403312
43.35729245403312
43.35729245403312
43.35729245403312
43.35729245403312
43.35729245403312
43.648263008993254
43.648263008993254
43.648263008993254
43.648263008993254
43.648263008993254
43.93442391244566
43.93442391244566
43.93442391244566
43.93442391244566
43.648263008993254
43.648263008993254
43.648263008993254
43.648263008993254
43.648263008993254
43.648263008993254
43.648263008993254
43.648263008993254
43.648263008993254
43.35729245403312
43.06134780322189
42.76025603166793
42.141892423986945
41.82422588765265
41.17085247938414
40.49185013898772
40.14209399107353
40.14209399107353
39.7851258703449
39.7851258703449
39.42064208182268
39.42064208182268
39.42064208182268
39.42064208182268
39.42064208182268
39.04831933437518
38.66781301764712
38.66781301764712
38.66781301764712
38.27875528533859
38.27875528533859
37.8807529181162
37.8807529181162
37.8807529181162
37.8807529181162
37.8807529181162
37.8807529181162
37.8807529181162
37.8807529181162
37.8807529181162
38.27875528533859
38.27875528533859
38.27875528533859
38.27875528533859
38.27875528533859
38.27875528533859
38.66781301764712
38.66781301764712
38.66781301764712
38.66781301764712
38.66781301764712
38.66781301764712
38.66781301764712
38.66781301764712
38.66781301764712
38.66781301764712
38.66781301764712
38.66781301764712
38.66781301764712
38.66781301764712
38.66781301764712
38.66781301764712
39.04831933437518
39.04831933437518
39.04831933437518
39.04831933437518
39.04831933437518
39.04831933437518
39.04831933437518
39.04831933437518
39.04831933437518
39.04831933437518
39.04831933437518
39.04831933437518
39.04831933437518
39.04831933437518
39.04831933437518
39.04831933437518
39.04831933437518
39.04831933437518
39.04831933437518
39.04831933437518
39.04831933437518
39.42064208182268
39.42064208182268
39.42064208182268
39.04831933437518
39.04831933437518
39.04831933437518
39.42064208182268
39.42064208182268
0.0
0.0
0.0
0.0
0.0
0.0
0.0
0.0
0.0
0.0
0.0
0.0
0.0
0.0
0.0
0.0
0.0
0.0
0.0
0.0
0.0
0.0
0.0
0.0
0.0
0.0
0.0
0.0
0.0
0.0
0.0
0.0
0.0
0.0
0.0
0.0
0.0
0.0
0.0
0.0
0.0
0.0
0.0
0.0
0.0
0.0
0.0
0.0
0.0
0.0
0.0
0.0
0.0
0.0
0.0
0.0
0.0
0.0
0.0
0.0
0.0
0.0
0.0
0.0
0.0
0.0
0.0
0.0
0.0
0.0
0.0
36.628713000339374
43.06134780322189
42.45383492638228
42.76025603166793
42.76025603166793
42.45383492638228
42.45383492638228
42.141892423986945
42.141892423986945
42.141892423986945
42.141892423986945
42.141892423986945
42.141892423986945
42.141892423986945
42.141892423986945
41.82422588765265
41.82422588765265
41.82422588765265
41.82422588765265
41.82422588765265
41.82422588765265
41.82422588765265
41.82422588765265
41.82422588765265
41.82422588765265
41.82422588765265
41.82422588765265
41.82422588765265
42.141892423986945
41.82422588765265
41.82422588765265
41.82422588765265
41.82422588765265
41.82422588765265
41.82422588765265
41.82422588765265
41.82422588765265
42.141892423986945
41.82422588765265
41.82422588765265
41.82422588765265
41.82422588765265
41.82422588765265
41.82422588765265
41.82422588765265
41.82422588765265
41.82422588765265
41.82422588765265
41.82422588765265
42.141892423986945
42.141892423986945
42.45383492638228
42.45383492638228
42.45383492638228
42.45383492638228
42.45383492638228
42.76025603166793
42.76025603166793
42.76025603166793
42.45383492638228
42.45383492638228
43.06134780322189
43.648263008993254
43.93442391244566
44.215931586333525
44.215931586333525
44.215931586333525
43.93442391244566
43.93442391244566
43.93442391244566
43.93442391244566
43.93442391244566
43.93442391244566
43.648263008993254
43.648263008993254
43.648263008993254
43.648263008993254
43.648263008993254
43.648263008993254
43.648263008993254
43.648263008993254
43.648263008993254
43.648263008993254
43.648263008993254
43.648263008993254
43.648263008993254
43.648263008993254
43.648263008993254
43.648263008993254
43.648263008993254
43.648263008993254
43.648263008993254
43.648263008993254
43.648263008993254
43.648263008993254
43.648263008993254
43.648263008993254
43.648263008993254
43.648263008993254
43.648263008993254
43.648263008993254
43.648263008993254
43.648263008993254
43.93442391244566
43.93442391244566
43.648263008993254
43.648263008993254
43.648263008993254
43.35729245403312
43.35729245403312
43.648263008993254
43.93442391244566
43.648263008993254
0.0
0.0
0.0
0.0
0.0
0.0
0.0
0.0
0.0
0.0
63.235481594987405
63.235481594987405
62.08089781187577
0.0
29.17085247938413
42.141892423986945
41.82422588765265
41.82422588765265
41.50062131644942
41.50062131644942
41.17085247938414
41.17085247938414
41.17085247938414
41.17085247938414
40.834679965348975
40.834679965348975
40.834679965348975
40.834679965348975
40.834679965348975
40.834679965348975
40.834679965348975
40.834679965348975
40.834679965348975
40.834679965348975
40.834679965348975
40.834679965348975
40.834679965348975
40.834679965348975
40.834679965348975
40.834679965348975
40.834679965348975
40.49185013898772
40.49185013898772
40.834679965348975
40.834679965348975
40.834679965348975
40.834679965348975
40.834679965348975
40.834679965348975
40.834679965348975
40.834679965348975
41.17085247938414
41.17085247938414
41.17085247938414
41.17085247938414
41.17085247938414
41.17085247938414
41.17085247938414
40.834679965348975
40.834679965348975
40.49185013898772
40.49185013898772
40.49185013898772
40.49185013898772
40.14209399107353
40.14209399107353
39.7851258703449
39.42064208182268
39.04831933437518
39.04831933437518
38.66781301764712
38.66781301764712
38.66781301764712
38.66781301764712
38.66781301764712
38.66781301764712
38.66781301764712
38.66781301764712
38.66781301764712
38.66781301764712
39.04831933437518
39.04831933437518
39.04831933437518
39.04831933437518
39.04831933437518
38.66781301764712
38.66781301764712
38.66781301764712
38.66781301764712
38.66781301764712
38.66781301764712
38.66781301764712
38.66781301764712
38.66781301764712
38.66781301764712
38.66781301764712
38.66781301764712
38.66781301764712
38.66781301764712
38.66781301764712
38.66781301764712
38.66781301764712
38.66781301764712
39.04831933437518
39.04831933437518
39.04831933437518
39.04831933437518
39.04831933437518
39.04831933437518
39.04831933437518
39.04831933437518
39.04831933437518
39.42064208182268
39.42064208182268
39.42064208182268
39.42064208182268
39.7851258703449
40.49185013898772
0.0
0.0
0.0
0.0
0.0
0.0
0.0
0.0
25.47338493503615
42.141892423986945
41.82422588765265
41.82422588765265
41.50062131644942
41.50062131644942
41.50062131644942
41.50062131644942
41.50062131644942
41.50062131644942
41.50062131644942
41.50062131644942
41.50062131644942
41.50062131644942
41.50062131644942
41.50062131644942
41.50062131644942
41.50062131644942
41.50062131644942
41.50062131644942
41.50062131644942
41.82422588765265
41.50062131644942
41.50062131644942
41.50062131644942
41.50062131644942
41.50062131644942
41.50062131644942
41.50062131644942
41.50062131644942
41.82422588765265
41.82422588765265
41.82422588765265
41.82422588765265
41.82422588765265
41.82422588765265
41.82422588765265
41.82422588765265
41.82422588765265
41.82422588765265
41.82422588765265
41.82422588765265
42.141892423986945
41.82422588765265
41.82422588765265
41.82422588765265
40.834679965348975
40.14209399107353
40.49185013898772
0.0
0.0
0.0
0.0
0.0
0.0
0.0
0.0
0.0
0.0
62.763726506689494
0.0
0.0
0.0
0.0
41.17085247938414
41.50062131644942
41.50062131644942
41.17085247938414
41.17085247938414
41.17085247938414
41.17085247938414
41.17085247938414
41.17085247938414
41.17085247938414
41.17085247938414
41.17085247938414
41.17085247938414
41.17085247938414
41.17085247938414
41.17085247938414
41.17085247938414
41.17085247938414
41.17085247938414
41.17085247938414
41.17085247938414
41.17085247938414
40.834679965348975
40.834679965348975
40.834679965348975
40.834679965348975
40.834679965348975
41.17085247938414
41.17085247938414
41.17085247938414
41.17085247938414
41.17085247938414
41.17085247938414
41.17085247938414
41.17085247938414
41.17085247938414
41.17085247938414
41.17085247938414
41.17085247938414
41.17085247938414
41.17085247938414
41.17085247938414
41.17085247938414
41.17085247938414
41.17085247938414
41.17085247938414
40.834679965348975
40.834679965348975
40.49185013898772
40.49185013898772
40.14209399107353
40.14209399107353
39.7851258703449
39.42064208182268
39.04831933437518
39.04831933437518
38.66781301764712
38.66781301764712
38.66781301764712
38.66781301764712
38.66781301764712
38.66781301764712
38.27875528533859
38.27875528533859
38.66781301764712
38.66781301764712
37.8807529181162
37.8807529181162
37.8807529181162
38.27875528533859
38.27875528533859
38.27875528533859
38.27875528533859
38.27875528533859
38.27875528533859
38.27875528533859
38.27875528533859
38.66781301764712
38.66781301764712
38.66781301764712
38.66781301764712
38.66781301764712
39.04831933437518
39.04831933437518
39.04831933437518
39.04831933437518
39.04831933437518
39.04831933437518
38.66781301764712
38.66781301764712
38.66781301764712
38.66781301764712
38.66781301764712
38.66781301764712
38.66781301764712
38.66781301764712
38.66781301764712
38.66781301764712
38.66781301764712
38.66781301764712
39.04831933437518
38.66781301764712
38.66781301764712
38.66781301764712
39.04831933437518
39.04831933437518
39.04831933437518
39.04831933437518
39.04831933437518
39.04831933437518
39.04831933437518
39.04831933437518
39.04831933437518
39.42064208182268
39.42064208182268
39.04831933437518
39.04831933437518
39.04831933437518
39.04831933437518
39.42064208182268
39.42064208182268
0.0
0.0
0.0
0.0
0.0
0.0
0.0
0.0
0.0
0.0
0.0
0.0
0.0
0.0
0.0
0.0
0.0
0.0
0.0
0.0
0.0
0.0
0.0
0.0
0.0
0.0
0.0
0.0
0.0
0.0
0.0
0.0
0.0
0.0
0.0
0.0
0.0
0.0
0.0
0.0
0.0
0.0
0.0
0.0
0.0
0.0
0.0
0.0
0.0
0.0
0.0
0.0
0.0
0.0
0.0
0.0
0.0
0.0
0.0
0.0
0.0
0.0
0.0
0.0
0.0
0.0
0.0
0.0
0.0
0.0
0.0
0.0
0.0
0.0
0.0
0.0
0.0
0.0
0.0
0.0
0.0
0.0
0.0
0.0
0.0
0.0
0.0
0.0
43.06134780322189
42.76025603166793
42.76025603166793
42.45383492638228
42.141892423986945
42.141892423986945
42.141892423986945
41.82422588765265
41.82422588765265
41.82422588765265
41.82422588765265
41.50062131644942
41.82422588765265
41.82422588765265
41.82422588765265
41.82422588765265
41.82422588765265
41.82422588765265
41.82422588765265
41.82422588765265
41.82422588765265
41.50062131644942
41.50062131644942
41.50062131644942
41.50062131644942
41.50062131644942
41.50062131644942
41.50062131644942
41.50062131644942
41.50062131644942
41.50062131644942
41.82422588765265
41.82422588765265
41.82422588765265
41.82422588765265
41.82422588765265
41.82422588765265
41.82422588765265
41.82422588765265
42.141892423986945
42.141892423986945
42.141892423986945
41.82422588765265
41.82422588765265
40.834679965348975
40.14209399107353
40.834679965348975
0.0
0.0
63.235481594987405
63.694721798120014
63.694721798120014
0.0
0.0
0.0
63.694721798120014
63.04831933437518
63.14215338788678
62.763726506689494
63.235481594987405
63.328309380342674
0.0
0.0
62.27875528533859
62.27875528533859
0.0
41.50062131644942
41.50062131644942
41.50062131644942
41.17085247938414
41.17085247938414
41.17085247938414
41.17085247938414
41.17085247938414
41.17085247938414
41.17085247938414
41.17085247938414
41.17085247938414
41.17085247938414
41.17085247938414
41.17085247938414
41.17085247938414
41.17085247938414
41.17085247938414
41.17085247938414
41.17085247938414
41.17085247938414
41.17085247938414
41.17085247938414
41.17085247938414
41.17085247938414
41.17085247938414
41.17085247938414
41.17085247938414
41.17085247938414
41.17085247938414
41.17085247938414
41.17085247938414
41.17085247938414
41.17085247938414
41.17085247938414
41.17085247938414
41.17085247938414
41.17085247938414
41.50062131644942
41.50062131644942
41.50062131644942
41.50062131644942
41.50062131644942
41.50062131644942
41.17085247938414
40.49185013898772
40.834679965348975
41.50062131644942
0.0
0.0
0.0
0.0
0.0
0.0
0.0
0.0
0.0
0.0
63.14215338788678
63.04831933437518
0.0
0.0
0.0
0.0
41.50062131644942
41.50062131644942
41.50062131644942
41.50062131644942
41.50062131644942
41.17085247938414
41.17085247938414
41.17085247938414
41.17085247938414
41.17085247938414
41.17085247938414
41.17085247938414
41.17085247938414
41.17085247938414
41.17085247938414
41.17085247938414
41.17085247938414
41.17085247938414
41.17085247938414
41.17085247938414
40.834679965348975
40.834679965348975
40.834679965348975
40.834679965348975
40.834679965348975
40.834679965348975
40.834679965348975
40.834679965348975
40.834679965348975
40.834679965348975
41.17085247938414
41.17085247938414
41.17085247938414
41.17085247938414
41.17085247938414
41.17085247938414
41.17085247938414
41.50062131644942
41.50062131644942
41.50062131644942
41.50062131644942
41.50062131644942
41.50062131644942
41.50062131644942
41.50062131644942
41.50062131644942
41.50062131644942
41.50062131644942
41.50062131644942
41.50062131644942
42.141892423986945
42.45383492638228
42.76025603166793
43.06134780322189
43.06134780322189
43.35729245403312
43.35729245403312
43.35729245403312
43.35729245403312
43.35729245403312
43.35729245403312
43.35729245403312
43.35729245403312
43.35729245403312
43.35729245403312
43.648263008993254
43.648263008993254
43.648263008993254
43.648263008993254
43.648263008993254
43.35729245403312
43.648263008993254
43.648263008993254
43.648263008993254
43.648263008993254
43.648263008993254
43.648263008993254
43.648263008993254
43.648263008993254
43.648263008993254
43.648263008993254
43.648263008993254
43.648263008993254
43.648263008993254
43.648263008993254
43.648263008993254
43.648263008993254
43.648263008993254
43.648263008993254
43.648263008993254
43.648263008993254
43.648263008993254
43.35729245403312
43.35729245403312
43.35729245403312
43.06134780322189
43.35729245403312
40.834679965348975
0.0
0.0
0.0
0.0
0.0
0.0
0.0
0.0
33.29830529399247
42.141892423986945
41.82422588765265
41.17085247938414
41.17085247938414
41.17085247938414
41.17085247938414
41.17085247938414
41.50062131644942
41.50062131644942
41.50062131644942
41.50062131644942
41.50062131644942
41.50062131644942
41.50062131644942
41.50062131644942
41.50062131644942
41.50062131644942
41.50062131644942
41.50062131644942
41.50062131644942
41.50062131644942
41.50062131644942
41.50062131644942
41.82422588765265
41.82422588765265
41.82422588765265
41.82422588765265
41.82422588765265
41.82422588765265
41.82422588765265
41.82422588765265
41.82422588765265
41.82422588765265
41.50062131644942
41.82422588765265
41.82422588765265
41.82422588765265
41.82422588765265
41.82422588765265
41.82422588765265
41.82422588765265
42.141892423986945
42.141892423986945
41.82422588765265
41.50062131644942
40.49185013898772
0.0
0.0
0.0
59.62643273359197
64.14209399107352
61.05619991710803
64.83467996534898
64.74960686791314
64.74960686791314
64.66411365471257
0.0
0.0
0.0
0.0
64.74960686791314
63.7851258703449
0.0
0.0
41.17085247938414
41.50062131644942
41.50062131644942
41.50062131644942
41.50062131644942
41.50062131644942
41.50062131644942
41.17085247938414
41.17085247938414
41.17085247938414
41.17085247938414
41.17085247938414
41.17085247938414
41.17085247938414
41.17085247938414
40.834679965348975
40.834679965348975
40.834679965348975
40.834679965348975
40.834679965348975
40.834679965348975
40.834679965348975
40.834679965348975
40.834679965348975
40.834679965348975
40.834679965348975
40.834679965348975
40.834679965348975
40.834679965348975
40.834679965348975
40.834679965348975
40.834679965348975
40.834679965348975
41.17085247938414
41.17085247938414
41.17085247938414
41.17085247938414
41.17085247938414
41.17085247938414
41.17085247938414
41.17085247938414
41.17085247938414
40.834679965348975
40.834679965348975
40.834679965348975
40.49185013898772
40.49185013898772
40.14209399107353
39.7851258703449
39.7851258703449
39.42064208182268
39.04831933437518
39.04831933437518
39.04831933437518
39.04831933437518
39.04831933437518
39.04831933437518
39.04831933437518
39.04831933437518
38.66781301764712
38.66781301764712
38.66781301764712
38.66781301764712
38.66781301764712
38.66781301764712
38.66781301764712
38.66781301764712
38.66781301764712
38.66781301764712
38.66781301764712
38.66781301764712
38.66781301764712
38.66781301764712
38.66781301764712
38.66781301764712
38.66781301764712
38.66781301764712
38.66781301764712
38.66781301764712
38.66781301764712
38.66781301764712
38.66781301764712
38.66781301764712
38.66781301764712
38.66781301764712
38.66781301764712
38.66781301764712
38.66781301764712
39.04831933437518
39.04831933437518
39.04831933437518
39.04831933437518
39.04831933437518
39.04831933437518
39.04831933437518
39.04831933437518
39.42064208182268
39.42064208182268
39.42064208182268
39.42064208182268
39.04831933437518
39.04831933437518
39.04831933437518
39.04831933437518
39.04831933437518
39.04831933437518
39.04831933437518
0.0
0.0
0.0
0.0
0.0
0.0
0.0
0.0
0.0
0.0
0.0
0.0
0.0
0.0
0.0
0.0
0.0
0.0
0.0
0.0
0.0
0.0
0.0
0.0
0.0
0.0
0.0
0.0
0.0
0.0
0.0
0.0
0.0
0.0
0.0
0.0
0.0
0.0
0.0
0.0
0.0
0.0
0.0
0.0
0.0
0.0
0.0
0.0
0.0
0.0
0.0
0.0
0.0
0.0
0.0
0.0
0.0
0.0
0.0
0.0
0.0
0.0
0.0
0.0
0.0
0.0
0.0
0.0
0.0
0.0
0.0
0.0
0.0
0.0
0.0
0.0
0.0
0.0
0.0
43.648263008993254
43.93442391244566
43.93442391244566
43.648263008993254
43.648263008993254
43.35729245403312
43.35729245403312
43.35729245403312
43.35729245403312
43.06134780322189
43.06134780322189
43.06134780322189
43.06134780322189
42.76025603166793
42.76025603166793
42.76025603166793
42.76025603166793
42.76025603166793
42.76025603166793
42.76025603166793
42.76025603166793
42.76025603166793
43.06134780322189
43.06134780322189
43.06134780322189
43.06134780322189
43.35729245403312
43.35729245403312
43.35729245403312
43.35729245403312
43.35729245403312
43.35729245403312
43.06134780322189
43.06134780322189
43.06134780322189
43.06134780322189
43.06134780322189
43.06134780322189
43.06134780322189
43.06134780322189
43.35729245403312
43.35729245403312
43.35729245403312
43.06134780322189
43.06134780322189
42.76025603166793
42.45383492638228
41.82422588765265
41.17085247938414
40.834679965348975
40.49185013898772
0.0
0.0
0.0
0.0
0.0
0.0
0.0
29.17085247938413
42.141892423986945
41.82422588765265
41.82422588765265
41.82422588765265
41.82422588765265
41.82422588765265
41.82422588765265
41.82422588765265
41.50062131644942
41.50062131644942
41.50062131644942
41.50062131644942
41.50062131644942
41.50062131644942
41.50062131644942
41.50062131644942
41.50062131644942
41.50062131644942
41.50062131644942
41.50062131644942
41.50062131644942
41.50062131644942
41.50062131644942
41.50062131644942
41.50062131644942
41.50062131644942
41.50062131644942
41.50062131644942
41.50062131644942
41.50062131644942
41.50062131644942
41.50062131644942
41.50062131644942
41.82422588765265
41.82422588765265
41.82422588765265
41.82422588765265
41.82422588765265
41.82422588765265
41.82422588765265
41.82422588765265
41.82422588765265
41.82422588765265
41.82422588765265
41.50062131644942
40.49185013898772
40.49185013898772
0.0
0.0
0.0
0.0
0.0
0.0
63.235481594987405
63.235481594987405
63.328309380342674
64.40507130821481
62.859111544075375
0.0
61.67826709534344
61.67826709534344
64.83467996534898
63.964529967936556
41.50062131644942
41.82422588765265
41.50062131644942
41.17085247938414
41.17085247938414
41.17085247938414
41.17085247938414
41.17085247938414
40.834679965348975
40.834679965348975
40.834679965348975
40.834679965348975
40.834679965348975
40.834679965348975
40.834679965348975
40.834679965348975
40.834679965348975
40.834679965348975
40.834679965348975
40.834679965348975
40.834679965348975
40.834679965348975
40.834679965348975
40.834679965348975
40.834679965348975
40.834679965348975
40.834679965348975
40.834679965348975
40.834679965348975
40.834679965348975
40.834679965348975
41.17085247938414
41.17085247938414
41.17085247938414
41.17085247938414
41.17085247938414
41.17085247938414
41.17085247938414
41.17085247938414
41.17085247938414
41.17085247938414
41.17085247938414
40.834679965348975
40.834679965348975
40.834679965348975
40.49185013898772
40.49185013898772
40.14209399107353
39.7851258703449
39.42064208182268
39.04831933437518
39.04831933437518
39.04831933437518
39.04831933437518
39.04831933437518
39.04831933437518
39.04831933437518
39.04831933437518
39.04831933437518
39.04831933437518
39.04831933437518
38.66781301764712
38.66781301764712
38.66781301764712
38.66781301764712
38.66781301764712
38.66781301764712
38.66781301764712
38.66781301764712
38.66781301764712
38.66781301764712
38.66781301764712
38.66781301764712
38.66781301764712
38.66781301764712
38.66781301764712
38.66781301764712
38.66781301764712
38.66781301764712
38.66781301764712
38.66781301764712
38.66781301764712
38.66781301764712
38.66781301764712
38.66781301764712
38.66781301764712
38.66781301764712
38.66781301764712
38.66781301764712
38.66781301764712
38.66781301764712
38.66781301764712
38.66781301764712
38.66781301764712
38.66781301764712
39.04831933437518
39.04831933437518
39.04831933437518
39.42064208182268
39.04831933437518
38.66781301764712
38.27875528533859
38.27875528533859
38.66781301764712
62.95397392109953
63.328309380342674
0.0
63.14215338788678
63.04831933437518
64.66411365471257
62.859111544075375
0.0
0.0
61.37002737137965
61.37002737137965
62.5713651888621
0.0
0.0
40.49185013898772
41.17085247938414
41.17085247938414
41.17085247938414
41.17085247938414
41.17085247938414
41.17085247938414
40.834679965348975
40.834679965348975
40.834679965348975
40.834679965348975
40.834679965348975
40.834679965348975
40.834679965348975
40.834679965348975
40.834679965348975
40.834679965348975
40.834679965348975
40.834679965348975
40.834679965348975
40.834679965348975
40.834679965348975
40.834679965348975
40.834679965348975
40.834679965348975
40.834679965348975
40.834679965348975
40.834679965348975
40.834679965348975
40.834679965348975
40.834679965348975
40.834679965348975
40.834679965348975
40.834679965348975
40.834679965348975
40.834679965348975
40.834679965348975
41.17085247938414
41.17085247938414
41.17085247938414
41.17085247938414
41.17085247938414
41.17085247938414
41.17085247938414
41.17085247938414
41.17085247938414
41.17085247938414
41.17085247938414
40.834679965348975
40.834679965348975
40.834679965348975
40.49185013898772
40.49185013898772
40.14209399107353
40.14209399107353
40.14209399107353
39.7851258703449
39.7851258703449
39.42064208182268
39.42064208182268
39.42064208182268
39.42064208182268
39.04831933437518
39.04831933437518
38.66781301764712
38.66781301764712
38.66781301764712
39.04831933437518
38.66781301764712
38.27875528533859
38.27875528533859
38.27875528533859
38.66781301764712
38.27875528533859
38.66781301764712
38.66781301764712
38.66781301764712
38.66781301764712
38.66781301764712
38.66781301764712
38.66781301764712
38.66781301764712
38.66781301764712
38.66781301764712
39.04831933437518
39.04831933437518
39.04831933437518
39.04831933437518
39.04831933437518
39.04831933437518
39.04831933437518
39.04831933437518
39.04831933437518
39.04831933437518
39.04831933437518
39.04831933437518
39.04831933437518
39.04831933437518
39.04831933437518
39.04831933437518
39.04831933437518
39.04831933437518
39.42064208182268
39.42064208182268
39.42064208182268
39.42064208182268
39.42064208182268
39.42064208182268
39.42064208182268
39.04831933437518
38.66781301764712
38.66781301764712
39.42064208182268
20.765575861691026
0.0
19.648263008993254
39.04831933437518
39.04831933437518
39.42064208182268
39.42064208182268
38.66781301764712
36.190402488038
23.74070602301405
35.279016249238424
15.7851258703449
37.8807529181162
37.47338493503615
37.05619991710803
36.628713000339374
36.190402488038
36.190402488038
36.190402488038
36.190402488038
36.190402488038
36.190402488038
36.190402488038
36.190402488038
36.190402488038
36.190402488038
36.190402488038
36.190402488038
36.190402488038
36.190402488038
36.190402488038
35.740706023014056
35.740706023014056
36.190402488038
36.190402488038
36.190402488038
36.190402488038
36.190402488038
36.628713000339374
36.628713000339374
36.628713000339374
36.628713000339374
36.190402488038
36.190402488038
36.190402488038
36.190402488038
36.190402488038
36.190402488038
36.190402488038
36.190402488038
36.628713000339374
36.628713000339374
36.628713000339374
36.628713000339374
36.628713000339374
37.05619991710803
37.05619991710803
37.05619991710803
37.05619991710803
37.05619991710803
37.05619991710803
37.05619991710803
37.05619991710803
37.05619991710803
37.05619991710803
37.05619991710803
37.05619991710803
37.05619991710803
37.47338493503615
37.8807529181162
37.47338493503615
37.47338493503615
37.47338493503615
37.47338493503615
37.47338493503615
37.47338493503615
37.8807529181162
0.0
0.0
0.0
0.0
0.0
0.0
0.0
0.0
0.0
0.0
0.0
0.0
0.0
0.0
0.0
0.0
0.0
0.0
0.0
0.0
0.0
0.0
0.0
0.0
0.0
0.0
0.0
0.0
0.0
0.0
0.0
0.0
0.0
0.0
0.0
0.0
0.0
0.0
0.0
0.0
0.0
0.0
0.0
0.0
0.0
41.82422588765265
41.82422588765265
0.0
0.0
0.0
0.0
0.0
0.0
0.0
0.0
0.0
0.0
0.0
0.0
0.0
0.0
0.0
0.0
0.0
0.0
0.0
0.0
0.0
0.0
0.0
0.0
0.0
0.0
0.0
0.0
0.0
0.0
0.0
0.0
49.05619991710803
30.453834926382278
42.141892423986945
42.141892423986945
42.141892423986945
41.82422588765265
41.82422588765265
41.82422588765265
41.50062131644942
41.50062131644942
41.50062131644942
41.50062131644942
41.50062131644942
41.50062131644942
41.50062131644942
41.50062131644942
41.50062131644942
41.50062131644942
41.50062131644942
41.50062131644942
41.50062131644942
41.50062131644942
41.50062131644942
41.50062131644942
41.50062131644942
41.50062131644942
41.50062131644942
41.50062131644942
41.50062131644942
41.50062131644942
41.50062131644942
41.50062131644942
41.50062131644942
41.50062131644942
41.50062131644942
41.50062131644942
41.50062131644942
41.50062131644942
41.50062131644942
41.50062131644942
41.50062131644942
41.82422588765265
41.82422588765265
41.82422588765265
41.17085247938414
40.49185013898772
40.49185013898772
0.0
0.0
61.26604903785413
61.26604903785413
61.16144243264081
61.16144243264081
61.26604903785413
61.26604903785413
61.67826709534344
61.26604903785413
61.26604903785413
64.74960686791314
64.74960686791314
64.74960686791314
64.74960686791314
64.74960686791314
41.50062131644942
41.82422588765265
41.50062131644942
41.50062131644942
41.17085247938414
41.17085247938414
41.17085247938414
41.17085247938414
41.17085247938414
41.17085247938414
41.17085247938414
41.17085247938414
41.17085247938414
41.17085247938414
41.17085247938414
41.17085247938414
41.17085247938414
41.17085247938414
41.17085247938414
41.17085247938414
41.17085247938414
41.17085247938414
41.17085247938414
41.17085247938414
41.17085247938414
41.17085247938414
41.17085247938414
41.17085247938414
41.17085247938414
41.17085247938414
41.17085247938414
41.17085247938414
41.17085247938414
41.17085247938414
41.17085247938414
41.17085247938414
41.17085247938414
41.17085247938414
41.17085247938414
41.17085247938414
41.17085247938414
41.17085247938414
41.17085247938414
40.834679965348975
40.834679965348975
40.49185013898772
40.49185013898772
40.49185013898772
0.0
0.0
0.0
0.0
0.0
0.0
0.0
0.0
0.0
0.0
0.0
42.76025603166793
42.141892423986945
42.141892423986945
41.82422588765265
41.82422588765265
41.82422588765265
41.82422588765265
41.50062131644942
41.50062131644942
41.50062131644942
41.50062131644942
41.50062131644942
41.50062131644942
41.50062131644942
41.50062131644942
41.50062131644942
41.50062131644942
41.50062131644942
41.82422588765265
41.82422588765265
41.82422588765265
41.82422588765265
41.82422588765265
41.82422588765265
41.82422588765265
41.82422588765265
41.82422588765265
41.82422588765265
41.82422588765265
41.50062131644942
41.50062131644942
41.50062131644942
41.50062131644942
41.50062131644942
41.50062131644942
41.50062131644942
41.50062131644942
41.82422588765265
41.82422588765265
41.82422588765265
41.82422588765265
41.82422588765265
41.82422588765265
41.82422588765265
41.82422588765265
41.82422588765265
41.82422588765265
41.82422588765265
41.82422588765265
41.82422588765265
41.82422588765265
41.82422588765265
41.82422588765265
41.82422588765265
41.82422588765265
41.82422588765265
41.82422588765265
41.82422588765265
41.82422588765265
41.82422588765265
41.82422588765265
41.82422588765265
41.82422588765265
41.82422588765265
41.82422588765265
41.82422588765265
42.141892423986945
42.141892423986945
42.141892423986945
42.141892423986945
42.141892423986945
41.82422588765265
41.50062131644942
41.17085247938414
40.834679965348975
40.834679965348975
0.0
0.0
0.0
0.0
0.0
0.0
0.0
0.0
0.0
0.0
0.0
0.0
0.0
0.0
0.0
0.0
0.0
0.0
0.0
0.0
0.0
0.0
0.0
0.0
0.0
0.0
0.0
0.0
0.0
0.0
0.0
0.0
35.740706023014056
22.80467587899878
42.141892423986945
42.141892423986945
42.141892423986945
42.141892423986945
41.82422588765265
41.82422588765265
41.82422588765265
41.82422588765265
41.82422588765265
41.82422588765265
41.82422588765265
41.82422588765265
41.82422588765265
41.82422588765265
41.82422588765265
41.82422588765265
41.82422588765265
41.82422588765265
41.82422588765265
41.82422588765265
41.82422588765265
41.82422588765265
41.82422588765265
41.82422588765265
41.82422588765265
41.82422588765265
41.82422588765265
41.82422588765265
41.82422588765265
41.82422588765265
41.82422588765265
41.82422588765265
41.82422588765265
41.82422588765265
41.82422588765265
41.82422588765265
41.82422588765265
41.82422588765265
42.141892423986945
42.141892423986945
42.141892423986945
42.141892423986945
42.141892423986945
42.141892423986945
42.141892423986945
42.141892423986945
42.141892423986945
42.141892423986945
42.45383492638228
42.45383492638228
42.45383492638228
42.45383492638228
42.76025603166793
43.06134780322189
43.06134780322189
43.35729245403312
43.648263008993254
43.648263008993254
43.648263008993254
43.35729245403312
43.35729245403312
43.35729245403312
43.35729245403312
43.35729245403312
43.35729245403312
43.35729245403312
43.35729245403312
43.35729245403312
43.35729245403312
43.35729245403312
43.35729245403312
43.35729245403312
43.35729245403312
43.35729245403312
43.35729245403312
43.35729245403312
43.648263008993254
43.648263008993254
43.648263008993254
43.648263008993254
43.648263008993254
43.648263008993254
43.648263008993254
43.35729245403312
43.35729245403312
43.35729245403312
43.35729245403312
43.35729245403312
43.35729245403312
43.648263008993254
43.648263008993254
43.648263008993254
43.648263008993254
43.648263008993254
43.648263008993254
43.648263008993254
43.648263008993254
43.648263008993254
43.648263008993254
43.35729245403312
43.35729245403312
43.06134780322189
43.35729245403312
63.04831933437518
63.04831933437518
0.0
62.763726506689494
63.235481594987405
63.235481594987405
0.0
63.694721798120014
0.0
0.0
0.0
0.0
0.0
0.0
0.0
0.0
0.0
0.0
61.67826709534344
41.17085247938414
41.17085247938414
41.17085247938414
40.834679965348975
40.834679965348975
40.834679965348975
40.834679965348975
40.834679965348975
40.834679965348975
40.834679965348975
40.834679965348975
40.834679965348975
40.834679965348975
40.834679965348975
40.834679965348975
40.834679965348975
40.834679965348975
40.834679965348975
40.834679965348975
40.834679965348975
40.834679965348975
40.834679965348975
40.834679965348975
40.834679965348975
40.834679965348975
40.834679965348975
40.834679965348975
40.834679965348975
40.834679965348975
40.834679965348975
40.834679965348975
40.834679965348975
40.834679965348975
40.834679965348975
40.834679965348975
40.834679965348975
40.834679965348975
40.834679965348975
40.834679965348975
40.834679965348975
40.834679965348975
40.834679965348975
40.834679965348975
40.834679965348975
40.834679965348975
40.834679965348975
40.834679965348975
40.834679965348975
41.17085247938414
41.17085247938414
41.17085247938414
41.17085247938414
41.17085247938414
41.50062131644942
41.50062131644942
41.50062131644942
41.50062131644942
41.17085247938414
41.17085247938414
40.834679965348975
40.834679965348975
40.834679965348975
40.834679965348975
0.0
0.0
0.0
0.0
0.0
0.0
0.0
0.0
0.0
0.0
0.0
0.0
0.0
0.0
0.0
0.0
0.0
0.0
0.0
0.0
0.0
0.0
0.0
0.0
0.0
0.0
0.0
0.0
0.0
0.0
0.0
0.0
0.0
0.0
0.0
0.0
0.0
0.0
0.0
0.0
0.0
0.0
0.0
0.0
0.0
0.0
0.0
0.0
0.0
0.0
0.0
0.0
0.0
0.0
0.0
0.0
0.0
0.0
0.0
0.0
0.0
0.0
0.0
0.0
41.17085247938414
41.82422588765265
41.82422588765265
41.82422588765265
41.50062131644942
41.50062131644942
41.50062131644942
41.17085247938414
41.17085247938414
41.17085247938414
41.17085247938414
41.17085247938414
41.17085247938414
41.17085247938414
41.17085247938414
41.17085247938414
41.17085247938414
41.17085247938414
41.17085247938414
41.17085247938414
41.50062131644942
41.50062131644942
41.50062131644942
41.50062131644942
41.50062131644942
41.50062131644942
41.50062131644942
41.50062131644942
41.50062131644942
41.50062131644942
41.50062131644942
41.50062131644942
41.50062131644942
41.50062131644942
41.50062131644942
41.50062131644942
41.50062131644942
41.50062131644942
41.50062131644942
41.50062131644942
41.50062131644942
41.50062131644942
41.50062131644942
41.50062131644942
41.50062131644942
41.17085247938414
40.49185013898772
40.49185013898772
29.17085247938413
62.27875528533859
0.0
63.235481594987405
0.0
0.0
0.0
62.859111544075375
62.859111544075375
62.859111544075375
62.474377033287794
62.474377033287794
62.08089781187577
62.95397392109953
18.45383492638227
38.66781301764712
38.27875528533859
37.47338493503615
37.05619991710803
36.628713000339374
36.628713000339374
36.628713000339374
36.628713000339374
36.628713000339374
36.628713000339374
36.628713000339374
36.628713000339374
36.628713000339374
36.628713000339374
36.628713000339374
36.628713000339374
36.628713000339374
36.628713000339374
36.628713000339374
36.628713000339374
36.628713000339374
36.628713000339374
36.628713000339374
36.628713000339374
36.628713000339374
36.628713000339374
36.628713000339374
36.628713000339374
36.628713000339374
36.628713000339374
36.628713000339374
36.628713000339374
36.628713000339374
36.628713000339374
36.628713000339374
36.628713000339374
36.628713000339374
36.628713000339374
37.05619991710803
37.05619991710803
37.05619991710803
37.05619991710803
37.05619991710803
37.05619991710803
37.05619991710803
37.05619991710803
37.05619991710803
37.47338493503615
37.47338493503615
37.47338493503615
37.47338493503615
37.8807529181162
37.8807529181162
37.8807529181162
37.8807529181162
37.47338493503615
37.47338493503615
37.8807529181162
0.0
0.0
0.0
0.0
0.0
0.0
0.0
0.0
0.0
0.0
0.0
0.0
0.0
0.0
0.0
0.0
0.0
0.0
0.0
0.0
0.0
0.0
0.0
0.0
0.0
0.0
0.0
0.0
0.0
0.0
0.0
0.0
0.0
0.0
0.0
0.0
0.0
0.0
0.0
0.0
35.740706023014056
61.37002737137965
61.37002737137965
61.37002737137965
61.981114593331725
61.47338493503615
61.57612909707724
61.57612909707724
61.8807529181162
0.0
0.0
0.0
62.859111544075375
62.763726506689494
0.0
0.0
0.0
0.0
0.0
42.76025603166793
42.141892423986945
41.82422588765265
41.82422588765265
41.50062131644942
41.50062131644942
41.50062131644942
41.17085247938414
41.17085247938414
41.17085247938414
40.834679965348975
41.17085247938414
41.17085247938414
41.17085247938414
41.17085247938414
41.17085247938414
41.17085247938414
41.17085247938414
41.17085247938414
40.834679965348975
40.834679965348975
40.834679965348975
40.834679965348975
40.834679965348975
40.834679965348975
40.834679965348975
40.834679965348975
40.834679965348975
40.834679965348975
40.834679965348975
40.834679965348975
40.834679965348975
40.834679965348975
41.17085247938414
41.17085247938414
41.17085247938414
41.17085247938414
41.17085247938414
41.17085247938414
41.17085247938414
41.17085247938414
41.17085247938414
41.17085247938414
40.834679965348975
40.834679965348975
40.49185013898772
40.49185013898772
40.49185013898772
0.0
0.0
0.0
0.0
0.0
0.0
0.0
0.0
0.0
0.0
0.0
31.061347803221892
42.45383492638228
42.141892423986945
41.82422588765265
41.50062131644942
41.50062131644942
41.50062131644942
41.50062131644942
41.50062131644942
41.50062131644942
41.50062131644942
41.50062131644942
41.50062131644942
41.50062131644942
41.50062131644942
41.82422588765265
41.50062131644942
41.50062131644942
41.50062131644942
41.50062131644942
41.82422588765265
41.82422588765265
41.82422588765265
41.82422588765265
41.82422588765265
41.82422588765265
41.82422588765265
41.82422588765265
41.82422588765265
41.82422588765265
41.82422588765265
41.82422588765265
41.82422588765265
41.82422588765265
41.82422588765265
41.82422588765265
41.82422588765265
41.82422588765265
41.82422588765265
41.82422588765265
41.82422588765265
41.82422588765265
41.82422588765265
41.82422588765265
41.82422588765265
41.82422588765265
41.82422588765265
41.82422588765265
41.82422588765265
41.82422588765265
41.82422588765265
41.82422588765265
41.82422588765265
41.82422588765265
41.82422588765265
41.82422588765265
41.82422588765265
41.82422588765265
41.82422588765265
41.82422588765265
41.82422588765265
41.82422588765265
41.82422588765265
41.82422588765265
41.82422588765265
41.82422588765265
41.82422588765265
41.82422588765265
41.82422588765265
41.82422588765265
41.82422588765265
41.82422588765265
41.82422588765265
41.82422588765265
41.82422588765265
41.82422588765265
41.82422588765265
41.82422588765265
41.82422588765265
41.82422588765265
41.82422588765265
41.82422588765265
41.82422588765265
41.82422588765265
41.82422588765265
42.141892423986945
42.141892423986945
42.141892423986945
42.141892423986945
42.141892423986945
42.141892423986945
42.141892423986945
42.141892423986945
42.141892423986945
41.82422588765265
41.50062131644942
40.834679965348975
40.14209399107353
40.49185013898772
41.50062131644942
64.49185013898773
64.49185013898773
64.49185013898773
64.49185013898773
64.49185013898773
61.05619991710803
61.05619991710803
61.16144243264081
61.16144243264081
61.57612909707724
61.16144243264081
61.16144243264081
61.05619991710803
41.17085247938414
41.50062131644942
41.50062131644942
41.50062131644942
41.50062131644942
41.50062131644942
41.50062131644942
41.50062131644942
41.50062131644942
41.50062131644942
41.50062131644942
41.17085247938414
41.50062131644942
41.17085247938414
41.17085247938414
41.17085247938414
40.834679965348975
40.49185013898772
40.49185013898772
27.7851258703449
0.0
0.0
0.0
0.0
22.80467587899878
42.141892423986945
42.141892423986945
41.82422588765265
41.82422588765265
41.82422588765265
41.82422588765265
41.50062131644942
41.50062131644942
41.82422588765265
41.82422588765265
41.82422588765265
41.82422588765265
41.82422588765265
41.82422588765265
41.82422588765265
41.82422588765265
41.82422588765265
41.82422588765265
42.141892423986945
42.141892423986945
42.141892423986945
42.141892423986945
42.141892423986945
42.141892423986945
42.141892423986945
42.141892423986945
42.141892423986945
42.141892423986945
42.141892423986945
42.141892423986945
42.141892423986945
42.141892423986945
42.141892423986945
42.141892423986945
42.141892423986945
42.141892423986945
42.141892423986945
42.141892423986945
42.141892423986945
42.141892423986945
42.141892423986945
42.141892423986945
42.141892423986945
42.141892423986945
42.141892423986945
42.141892423986945
42.141892423986945
42.141892423986945
42.141892423986945
42.141892423986945
42.141892423986945
42.141892423986945
42.141892423986945
42.141892423986945
42.45383492638228
42.45383492638228
42.141892423986945
42.141892423986945
