0.0
0.0
0.0
0.0
0.0
0.0
0.0
0.0
0.0
0.0
40.49185013898772
40.14209399107353
40.14209399107353
40.14209399107353
40.49185013898772
40.49185013898772
40.49185013898772
40.49185013898772
40.49185013898772
40.834679965348975
40.834679965348975
40.834679965348975
40.834679965348975
40.834679965348975
40.834679965348975
40.834679965348975
40.834679965348975
40.834679965348975
40.834679965348975
41.17085247938414
41.17085247938414
41.17085247938414
41.17085247938414
41.17085247938414
41.17085247938414
41.17085247938414
41.17085247938414
41.17085247938414
41.17085247938414
41.17085247938414
41.17085247938414
41.17085247938414
41.17085247938414
41.17085247938414
41.17085247938414
41.17085247938414
41.17085247938414
41.17085247938414
40.834679965348975
40.834679965348975
40.834679965348975
40.834679965348975
40.834679965348975
40.49185013898772
40.49185013898772
40.49185013898772
40.834679965348975
40.834679965348975
40.834679965348975
40.49185013898772
40.49185013898772
40.14209399107353
40.14209399107353
40.14209399107353
40.49185013898772
64.83467996534898
64.83467996534898
61.05619991710803
64.57819615583817
64.57819615583817
64.49185013898773
64.57819615583817
61.57612909707724
61.57612909707724
61.57612909707724
64.74960686791314
40.834679965348975
41.17085247938414
41.17085247938414
40.834679965348975
40.834679965348975
40.834679965348975
40.834679965348975
40.49185013898772
40.49185013898772
40.49185013898772
40.49185013898772
40.49185013898772
40.49185013898772
40.49185013898772
40.14209399107353
40.14209399107353
40.14209399107353
40.14209399107353
40.14209399107353
40.14209399107353
40.14209399107353
40.14209399107353
40.14209399107353
40.14209399107353
40.14209399107353
40.14209399107353
40.14209399107353
40.14209399107353
40.14209399107353
40.14209399107353
40.14209399107353
40.14209399107353
40.14209399107353
40.14209399107353
40.14209399107353
40.14209399107353
40.14209399107353
40.14209399107353
40.14209399107353
40.14209399107353
40.14209399107353
40.49185013898772
0.0
0.0
0.0
0.0
0.0
0.0
0.0
42.45383492638228
41.50062131644942
41.17085247938414
41.17085247938414
40.834679965348975
40.834679965348975
40.834679965348975
40.834679965348975
40.834679965348975
40.834679965348975
40.834679965348975
40.834679965348975
40.834679965348975
40.834679965348975
40.834679965348975
40.834679965348975
40.834679965348975
40.49185013898772
40.49185013898772
40.834679965348975
40.834679965348975
40.834679965348975
40.834679965348975
40.834679965348975
40.834679965348975
40.834679965348975
40.834679965348975
40.834679965348975
40.834679965348975
40.834679965348975
40.834679965348975
40.834679965348975
40.834679965348975
40.834679965348975
40.834679965348975
40.49185013898772
40.49185013898772
40.49185013898772
40.49185013898772
40.49185013898772
40.49185013898772
40.49185013898772
40.49185013898772
40.49185013898772
40.14209399107353
0.0
0.0
0.0
0.0
0.0
0.0
0.0
0.0
0.0
0.0
0.0
62.5713651888621
0.0
0.0
0.0
58.684031903031695
58.80467587899878
40.49185013898772
40.14209399107353
40.14209399107353
40.14209399107353
40.14209399107353
40.14209399107353
40.14209399107353
40.14209399107353
40.14209399107353
40.14209399107353
40.14209399107353
40.14209399107353
40.14209399107353
40.14209399107353
39.7851258703449
40.14209399107353
40.14209399107353
40.14209399107353
40.14209399107353
40.14209399107353
40.14209399107353
40.14209399107353
40.14209399107353
40.14209399107353
40.14209399107353
40.14209399107353
40.14209399107353
40.14209399107353
40.14209399107353
40.14209399107353
40.14209399107353
40.14209399107353
40.14209399107353
40.14209399107353
40.14209399107353
40.14209399107353
40.14209399107353
40.14209399107353
40.14209399107353
40.14209399107353
40.14209399107353
40.14209399107353
40.14209399107353
40.14209399107353
39.7851258703449
40.14209399107353
40.49185013898772
0.0
0.0
0.0
0.0
0.0
0.0
0.0
0.0
29.17085247938413
28.491850138987722
40.834679965348975
40.834679965348975
40.834679965348975
40.834679965348975
40.49185013898772
40.49185013898772
40.49185013898772
40.49185013898772
40.49185013898772
40.49185013898772
40.49185013898772
40.49185013898772
40.49185013898772
40.49185013898772
40.49185013898772
40.49185013898772
40.834679965348975
40.834679965348975
40.834679965348975
40.834679965348975
40.834679965348975
40.834679965348975
40.834679965348975
40.834679965348975
40.834679965348975
40.834679965348975
40.834679965348975
40.834679965348975
40.834679965348975
40.834679965348975
40.834679965348975
40.834679965348975
40.834679965348975
40.834679965348975
40.834679965348975
40.834679965348975
40.834679965348975
40.834679965348975
40.834679965348975
40.834679965348975
40.834679965348975
40.834679965348975
40.834679965348975
40.834679965348975
40.834679965348975
40.834679965348975
40.834679965348975
40.834679965348975
40.834679965348975
40.834679965348975
41.17085247938414
41.17085247938414
41.17085247938414
41.50062131644942
41.50062131644942
41.82422588765265
42.141892423986945
42.45383492638228
42.76025603166793
43.06134780322189
43.06134780322189
43.35729245403312
43.35729245403312
43.35729245403312
43.35729245403312
43.35729245403312
43.06134780322189
43.06134780322189
43.06134780322189
43.06134780322189
43.06134780322189
43.06134780322189
43.06134780322189
43.06134780322189
43.06134780322189
43.06134780322189
43.06134780322189
42.76025603166793
42.76025603166793
42.76025603166793
42.76025603166793
42.76025603166793
42.76025603166793
42.76025603166793
42.76025603166793
42.76025603166793
42.76025603166793
43.06134780322189
43.06134780322189
43.06134780322189
43.06134780322189
43.06134780322189
43.06134780322189
43.06134780322189
43.06134780322189
43.06134780322189
42.76025603166793
42.76025603166793
42.76025603166793
42.76025603166793
43.06134780322189
43.06134780322189
43.06134780322189
43.06134780322189
42.76025603166793
42.76025603166793
42.76025603166793
42.45383492638228
41.82422588765265
40.834679965348975
40.14209399107353
64.49185013898773
60.628713000339374
60.628713000339374
61.05619991710803
61.37002737137965
61.37002737137965
61.37002737137965
15.7851258703449
32.765575861691026
0.0
29.17085247938413
28.491850138987722
29.17085247938413
29.17085247938413
29.17085247938413
29.17085247938413
40.49185013898772
40.834679965348975
40.834679965348975
40.834679965348975
41.17085247938414
41.17085247938414
41.17085247938414
41.17085247938414
40.834679965348975
40.834679965348975
40.834679965348975
40.834679965348975
40.834679965348975
40.834679965348975
40.834679965348975
40.834679965348975
40.834679965348975
40.834679965348975
40.834679965348975
40.834679965348975
40.834679965348975
40.834679965348975
40.834679965348975
40.834679965348975
40.834679965348975
40.834679965348975
40.834679965348975
40.834679965348975
40.834679965348975
40.834679965348975
40.834679965348975
40.834679965348975
40.834679965348975
40.834679965348975
40.834679965348975
40.834679965348975
40.834679965348975
40.834679965348975
40.834679965348975
40.834679965348975
40.834679965348975
40.834679965348975
40.834679965348975
40.834679965348975
40.834679965348975
40.49185013898772
40.49185013898772
40.49185013898772
40.49185013898772
40.49185013898772
40.49185013898772
40.49185013898772
40.49185013898772
40.49185013898772
40.49185013898772
40.49185013898772
40.49185013898772
40.49185013898772
40.49185013898772
40.49185013898772
40.49185013898772
40.49185013898772
40.49185013898772
40.49185013898772
40.49185013898772
40.834679965348975
40.834679965348975
40.49185013898772
40.49185013898772
40.49185013898772
40.14209399107353
40.14209399107353
40.49185013898772
0.0
0.0
0.0
0.0
0.0
0.0
0.0
0.0
0.0
0.0
0.0
0.0
0.0
0.0
0.0
0.0
0.0
0.0
0.0
0.0
0.0
0.0
0.0
0.0
0.0
0.0
0.0
0.0
0.0
0.0
0.0
0.0
0.0
0.0
0.0
0.0
0.0
0.0
0.0
0.0
0.0
0.0
0.0
0.0
0.0
0.0
0.0
0.0
0.0
0.0
0.0
0.0
0.0
0.0
0.0
0.0
0.0
0.0
0.0
0.0
14.27875528533859
14.27875528533859
14.27875528533859
0.0
29.17085247938413
28.491850138987722
27.7851258703449
41.17085247938414
41.17085247938414
41.17085247938414
41.17085247938414
41.17085247938414
41.17085247938414
40.834679965348975
40.834679965348975
40.834679965348975
40.834679965348975
40.834679965348975
40.834679965348975
40.834679965348975
40.834679965348975
40.834679965348975
40.834679965348975
40.834679965348975
40.834679965348975
40.834679965348975
40.834679965348975
40.834679965348975
40.834679965348975
40.834679965348975
40.834679965348975
40.834679965348975
40.834679965348975
40.834679965348975
40.834679965348975
40.834679965348975
40.834679965348975
40.834679965348975
40.834679965348975
40.834679965348975
40.834679965348975
40.834679965348975
40.834679965348975
40.834679965348975
40.834679965348975
40.834679965348975
40.834679965348975
40.834679965348975
40.834679965348975
40.834679965348975
40.834679965348975
40.834679965348975
40.834679965348975
40.834679965348975
41.17085247938414
41.17085247938414
40.834679965348975
40.834679965348975
40.834679965348975
40.834679965348975
40.834679965348975
41.17085247938414
41.82422588765265
42.76025603166793
43.35729245403312
43.648263008993254
43.93442391244566
44.215931586333525
44.76557586169103
44.76557586169103
44.76557586169103
44.49293494369003
44.49293494369003
44.49293494369003
44.76557586169103
44.76557586169103
44.76557586169103
45.03398961803248
45.03398961803248
45.03398961803248
45.03398961803248
45.03398961803248
45.03398961803248
45.03398961803248
45.03398961803248
45.03398961803248
44.76557586169103
44.76557586169103
44.76557586169103
44.76557586169103
44.76557586169103
44.76557586169103
44.76557586169103
44.76557586169103
44.76557586169103
44.76557586169103
44.76557586169103
44.76557586169103
44.76557586169103
45.03398961803248
45.03398961803248
45.03398961803248
44.76557586169103
44.76557586169103
44.76557586169103
44.49293494369003
44.215931586333525
43.93442391244566
43.648263008993254
43.35729245403312
43.35729245403312
42.76025603166793
42.45383492638228
42.45383492638228
42.76025603166793
42.76025603166793
42.76025603166793
42.76025603166793
42.76025603166793
42.76025603166793
42.45383492638228
42.45383492638228
42.45383492638228
42.45383492638228
42.45383492638228
42.45383492638228
42.45383492638228
42.45383492638228
42.45383492638228
42.45383492638228
42.45383492638228
42.45383492638228
42.45383492638228
42.45383492638228
42.45383492638228
42.45383492638228
42.45383492638228
42.45383492638228
42.45383492638228
42.45383492638228
42.45383492638228
42.45383492638228
42.45383492638228
42.45383492638228
42.45383492638228
42.76025603166793
42.76025603166793
42.76025603166793
42.76025603166793
42.76025603166793
42.76025603166793
42.76025603166793
42.76025603166793
42.76025603166793
42.76025603166793
42.76025603166793
43.06134780322189
43.06134780322189
43.06134780322189
42.76025603166793
42.76025603166793
42.76025603166793
42.45383492638228
42.141892423986945
41.50062131644942
40.834679965348975
40.49185013898772
21.815129956695102
0.0
0.0
0.0
0.0
15.7851258703449
17.17085247938413
41.50062131644942
41.17085247938414
41.17085247938414
41.17085247938414
41.17085247938414
41.17085247938414
41.17085247938414
41.17085247938414
41.17085247938414
41.17085247938414
41.17085247938414
41.17085247938414
41.17085247938414
41.17085247938414
41.17085247938414
41.17085247938414
41.17085247938414
41.17085247938414
41.17085247938414
41.17085247938414
41.17085247938414
41.17085247938414
41.17085247938414
41.17085247938414
41.17085247938414
41.17085247938414
41.17085247938414
41.17085247938414
41.17085247938414
41.17085247938414
41.17085247938414
41.17085247938414
41.17085247938414
41.17085247938414
41.17085247938414
41.17085247938414
41.17085247938414
41.17085247938414
41.17085247938414
41.17085247938414
41.17085247938414
41.50062131644942
41.50062131644942
41.17085247938414
41.17085247938414
40.834679965348975
40.49185013898772
40.49185013898772
40.14209399107353
62.08089781187577
62.08089781187577
62.08089781187577
0.0
0.0
62.08089781187577
0.0
61.57612909707724
61.37002737137965
61.37002737137965
17.17085247938413
40.49185013898772
40.49185013898772
40.49185013898772
40.49185013898772
40.49185013898772
40.49185013898772
40.49185013898772
40.14209399107353
40.14209399107353
40.14209399107353
40.14209399107353
40.14209399107353
40.14209399107353
40.14209399107353
40.14209399107353
40.14209399107353
40.14209399107353
40.14209399107353
40.14209399107353
40.14209399107353
40.14209399107353
40.14209399107353
40.14209399107353
40.14209399107353
40.14209399107353
40.14209399107353
40.14209399107353
40.14209399107353
40.14209399107353
40.14209399107353
40.14209399107353
40.49185013898772
40.49185013898772
40.49185013898772
40.49185013898772
40.49185013898772
40.49185013898772
40.49185013898772
40.49185013898772
40.49185013898772
40.49185013898772
40.49185013898772
40.49185013898772
40.49185013898772
40.49185013898772
40.14209399107353
40.14209399107353
39.7851258703449
39.7851258703449
39.7851258703449
39.42064208182268
39.42064208182268
39.04831933437518
38.66781301764712
38.66781301764712
38.66781301764712
38.27875528533859
37.8807529181162
37.8807529181162
37.47338493503615
37.47338493503615
37.47338493503615
37.47338493503615
37.47338493503615
37.47338493503615
37.47338493503615
38.27875528533859
38.27875528533859
38.27875528533859
38.27875528533859
38.27875528533859
38.27875528533859
38.27875528533859
38.27875528533859
38.27875528533859
38.27875528533859
38.27875528533859
38.27875528533859
38.27875528533859
38.27875528533859
38.27875528533859
38.27875528533859
38.27875528533859
38.27875528533859
38.27875528533859
38.27875528533859
38.27875528533859
38.27875528533859
38.27875528533859
38.27875528533859
38.27875528533859
38.27875528533859
38.27875528533859
38.27875528533859
38.27875528533859
38.27875528533859
38.66781301764712
38.66781301764712
38.66781301764712
38.66781301764712
38.66781301764712
0.0
29.17085247938413
26.27875528533859
25.47338493503615
37.8807529181162
38.27875528533859
38.27875528533859
38.27875528533859
15.7851258703449
23.74070602301405
0.0
0.0
0.0
37.8807529181162
37.47338493503615
37.05619991710803
36.628713000339374
36.628713000339374
36.628713000339374
36.628713000339374
36.628713000339374
36.628713000339374
36.628713000339374
36.628713000339374
36.628713000339374
36.628713000339374
36.628713000339374
36.628713000339374
36.628713000339374
36.628713000339374
36.628713000339374
36.628713000339374
36.190402488038
36.190402488038
36.190402488038
36.628713000339374
36.628713000339374
36.628713000339374
36.628713000339374
36.628713000339374
36.628713000339374
36.628713000339374
36.628713000339374
36.628713000339374
36.628713000339374
36.628713000339374
36.628713000339374
36.628713000339374
36.628713000339374
36.628713000339374
36.628713000339374
36.628713000339374
36.628713000339374
36.628713000339374
36.628713000339374
36.628713000339374
36.628713000339374
36.628713000339374
36.628713000339374
36.628713000339374
36.628713000339374
36.628713000339374
36.628713000339374
36.628713000339374
36.628713000339374
36.628713000339374
36.190402488038
36.190402488038
36.628713000339374
36.628713000339374
36.628713000339374
36.628713000339374
36.628713000339374
36.628713000339374
36.628713000339374
36.628713000339374
36.190402488038
0.0
0.0
0.0
0.0
0.0
0.0
0.0
0.0
0.0
0.0
0.0
0.0
0.0
0.0
0.0
0.0
0.0
0.0
0.0
0.0
0.0
0.0
0.0
0.0
0.0
0.0
44.215931586333525
44.49293494369003
44.215931586333525
42.45383492638228
53.00358218788965
56.07574992576191
56.215931586333525
47.511400147641595
41.82422588765265
41.82422588765265
0.0
0.0
0.0
0.0
0.0
0.0
0.0
0.0
0.0
0.0
0.0
0.0
0.0
0.0
0.0
0.0
0.0
0.0
0.0
0.0
0.0
0.0
0.0
0.0
0.0
0.0
0.0
0.0
0.0
17.17085247938413
33.29830529399247
32.765575861691026
12.628713000339374
29.824225887652652
28.491850138987722
28.491850138987722
29.17085247938413
42.45383492638228
43.06134780322189
43.35729245403312
43.648263008993254
43.35729245403312
43.35729245403312
43.06134780322189
43.06134780322189
43.06134780322189
43.06134780322189
42.76025603166793
42.76025603166793
42.76025603166793
42.76025603166793
42.76025603166793
42.76025603166793
43.06134780322189
43.06134780322189
43.06134780322189
43.06134780322189
43.06134780322189
43.06134780322189
43.06134780322189
43.06134780322189
43.06134780322189
43.06134780322189
43.06134780322189
43.06134780322189
43.06134780322189
43.06134780322189
43.06134780322189
43.06134780322189
43.06134780322189
42.76025603166793
43.06134780322189
43.06134780322189
43.06134780322189
43.06134780322189
43.06134780322189
43.06134780322189
43.06134780322189
43.06134780322189
42.76025603166793
42.45383492638228
41.50062131644942
40.834679965348975
40.49185013898772
29.17085247938413
0.0
0.0
0.0
0.0
43.93442391244566
41.50062131644942
41.50062131644942
41.82422588765265
41.82422588765265
41.50062131644942
41.50062131644942
41.50062131644942
41.50062131644942
41.50062131644942
41.50062131644942
41.50062131644942
41.50062131644942
41.17085247938414
41.17085247938414
41.17085247938414
41.17085247938414
41.17085247938414
41.17085247938414
41.17085247938414
41.17085247938414
41.17085247938414
41.17085247938414
41.17085247938414
41.17085247938414
41.17085247938414
41.17085247938414
41.17085247938414
41.17085247938414
41.17085247938414
41.17085247938414
41.17085247938414
41.17085247938414
41.17085247938414
41.17085247938414
41.17085247938414
41.17085247938414
41.17085247938414
41.17085247938414
41.17085247938414
41.17085247938414
41.17085247938414
41.17085247938414
41.17085247938414
41.17085247938414
41.17085247938414
41.17085247938414
40.49185013898772
40.14209399107353
40.14209399107353
61.05619991710803
61.05619991710803
64.83467996534898
64.83467996534898
0.0
0.0
0.0
0.0
62.18010920367897
64.83467996534898
61.26604903785413
61.26604903785413
61.26604903785413
40.49185013898772
40.834679965348975
40.834679965348975
40.834679965348975
40.834679965348975
40.834679965348975
40.834679965348975
40.834679965348975
40.834679965348975
40.834679965348975
40.834679965348975
40.834679965348975
40.49185013898772
40.49185013898772
40.49185013898772
40.49185013898772
40.49185013898772
40.49185013898772
40.49185013898772
40.49185013898772
40.49185013898772
40.49185013898772
40.49185013898772
40.49185013898772
40.49185013898772
40.49185013898772
40.49185013898772
40.49185013898772
40.49185013898772
40.49185013898772
40.49185013898772
40.49185013898772
40.49185013898772
40.49185013898772
40.49185013898772
40.49185013898772
40.49185013898772
40.49185013898772
40.49185013898772
40.49185013898772
40.49185013898772
40.834679965348975
40.834679965348975
40.834679965348975
41.17085247938414
41.17085247938414
41.17085247938414
40.834679965348975
40.834679965348975
40.834679965348975
41.17085247938414
41.82422588765265
42.76025603166793
43.35729245403312
43.35729245403312
43.35729245403312
43.648263008993254
43.35729245403312
43.35729245403312
43.35729245403312
43.06134780322189
43.06134780322189
43.06134780322189
43.06134780322189
43.06134780322189
43.06134780322189
43.06134780322189
43.06134780322189
43.06134780322189
43.06134780322189
43.35729245403312
43.06134780322189
43.06134780322189
43.06134780322189
43.06134780322189
43.06134780322189
43.06134780322189
43.06134780322189
43.06134780322189
43.06134780322189
43.06134780322189
43.06134780322189
43.06134780322189
43.06134780322189
43.35729245403312
43.35729245403312
43.35729245403312
43.35729245403312
43.35729245403312
43.35729245403312
43.35729245403312
43.35729245403312
43.35729245403312
43.06134780322189
43.06134780322189
43.06134780322189
42.76025603166793
42.45383492638228
41.17085247938414
40.49185013898772
0.0
0.0
0.0
0.0
0.0
0.0
0.0
49.67826709534344
31.061347803221892
41.17085247938414
41.17085247938414
40.834679965348975
40.834679965348975
40.834679965348975
40.834679965348975
40.834679965348975
40.834679965348975
41.17085247938414
41.17085247938414
41.17085247938414
41.17085247938414
41.17085247938414
41.17085247938414
41.17085247938414
41.17085247938414
41.17085247938414
41.17085247938414
41.17085247938414
41.17085247938414
41.17085247938414
41.17085247938414
41.17085247938414
41.17085247938414
41.17085247938414
41.17085247938414
41.17085247938414
41.17085247938414
41.17085247938414
41.17085247938414
41.17085247938414
41.17085247938414
41.17085247938414
41.17085247938414
41.17085247938414
41.17085247938414
41.17085247938414
41.17085247938414
41.17085247938414
41.17085247938414
41.17085247938414
40.49185013898772
40.14209399107353
39.7851258703449
40.14209399107353
64.74960686791314
0.0
0.0
0.0
0.0
62.376842462686994
62.376842462686994
0.0
61.67826709534344
61.67826709534344
61.05619991710803
61.05619991710803
61.05619991710803
60.628713000339374
39.7851258703449
40.49185013898772
40.834679965348975
40.834679965348975
40.49185013898772
40.49185013898772
40.49185013898772
40.49185013898772
40.49185013898772
40.49185013898772
40.49185013898772
40.49185013898772
40.49185013898772
40.49185013898772
40.49185013898772
40.49185013898772
40.49185013898772
40.49185013898772
40.49185013898772
40.49185013898772
40.49185013898772
40.49185013898772
40.49185013898772
40.49185013898772
40.49185013898772
40.49185013898772
40.49185013898772
40.49185013898772
40.49185013898772
40.49185013898772
40.49185013898772
40.49185013898772
40.49185013898772
40.49185013898772
40.49185013898772
40.49185013898772
40.49185013898772
40.49185013898772
40.49185013898772
40.49185013898772
40.49185013898772
40.14209399107353
39.7851258703449
39.7851258703449
39.42064208182268
39.04831933437518
39.04831933437518
38.66781301764712
38.27875528533859
38.27875528533859
38.27875528533859
37.8807529181162
37.8807529181162
37.8807529181162
37.8807529181162
38.27875528533859
37.8807529181162
37.8807529181162
37.47338493503615
37.47338493503615
37.47338493503615
37.8807529181162
37.8807529181162
38.27875528533859
38.27875528533859
38.27875528533859
38.27875528533859
38.27875528533859
38.27875528533859
38.27875528533859
38.27875528533859
38.27875528533859
37.8807529181162
37.8807529181162
37.8807529181162
38.27875528533859
38.27875528533859
38.27875528533859
38.27875528533859
38.27875528533859
38.27875528533859
38.27875528533859
38.27875528533859
38.27875528533859
38.27875528533859
38.27875528533859
38.27875528533859
38.27875528533859
38.27875528533859
38.27875528533859
38.27875528533859
38.27875528533859
38.27875528533859
38.27875528533859
38.27875528533859
38.27875528533859
38.27875528533859
38.27875528533859
38.27875528533859
38.27875528533859
38.27875528533859
38.27875528533859
38.66781301764712
38.66781301764712
38.66781301764712
39.04831933437518
38.66781301764712
38.27875528533859
38.27875528533859
38.66781301764712
0.0
0.0
0.0
0.0
0.0
0.0
0.0
0.0
0.0
0.0
0.0
0.0
0.0
0.0
0.0
0.0
0.0
0.0
0.0
0.0
0.0
0.0
0.0
0.0
0.0
0.0
0.0
0.0
0.0
0.0
0.0
0.0
0.0
0.0
0.0
0.0
0.0
0.0
0.0
0.0
0.0
0.0
0.0
17.17085247938413
0.0
0.0
0.0
0.0
0.0
0.0
0.0
0.0
0.0
0.0
0.0
0.0
0.0
0.0
0.0
0.0
0.0
0.0
0.0
0.0
0.0
0.0
0.0
22.80467587899878
30.453834926382278
43.06134780322189
43.35729245403312
43.648263008993254
43.648263008993254
43.35729245403312
43.35729245403312
43.06134780322189
43.06134780322189
42.76025603166793
42.76025603166793
42.76025603166793
42.76025603166793
42.76025603166793
42.76025603166793
42.76025603166793
42.76025603166793
43.06134780322189
43.06134780322189
42.76025603166793
42.76025603166793
42.76025603166793
42.76025603166793
42.76025603166793
42.76025603166793
42.76025603166793
43.06134780322189
43.06134780322189
43.06134780322189
43.06134780322189
43.35729245403312
43.06134780322189
43.06134780322189
43.06134780322189
43.06134780322189
43.06134780322189
43.06134780322189
43.06134780322189
43.06134780322189
43.06134780322189
43.06134780322189
43.06134780322189
43.06134780322189
43.06134780322189
43.06134780322189
42.76025603166793
42.45383492638228
42.141892423986945
41.17085247938414
40.49185013898772
40.49185013898772
0.0
0.0
0.0
0.0
0.0
0.0
41.17085247938414
41.50062131644942
41.82422588765265
41.82422588765265
41.50062131644942
41.50062131644942
41.50062131644942
41.50062131644942
41.50062131644942
41.50062131644942
41.50062131644942
41.50062131644942
41.50062131644942
41.50062131644942
41.50062131644942
41.50062131644942
41.50062131644942
41.50062131644942
41.50062131644942
41.50062131644942
41.50062131644942
41.50062131644942
41.50062131644942
41.50062131644942
41.50062131644942
41.50062131644942
41.50062131644942
41.50062131644942
41.50062131644942
41.50062131644942
41.50062131644942
41.50062131644942
41.50062131644942
41.50062131644942
41.50062131644942
41.50062131644942
41.50062131644942
41.50062131644942
41.17085247938414
41.17085247938414
41.17085247938414
41.17085247938414
41.17085247938414
41.50062131644942
41.50062131644942
41.50062131644942
41.50062131644942
41.17085247938414
40.49185013898772
40.49185013898772
41.17085247938414
61.67826709534344
56.49293494369003
61.05619991710803
64.83467996534898
0.0
0.0
0.0
0.0
0.0
61.37002737137965
59.395598107236964
59.96701435002984
63.5124849523439
40.834679965348975
40.834679965348975
40.834679965348975
40.834679965348975
40.834679965348975
40.834679965348975
40.834679965348975
40.834679965348975
40.834679965348975
40.834679965348975
40.834679965348975
40.834679965348975
40.834679965348975
40.834679965348975
40.834679965348975
40.834679965348975
40.834679965348975
40.834679965348975
40.834679965348975
40.834679965348975
40.834679965348975
40.834679965348975
40.834679965348975
40.834679965348975
40.834679965348975
40.834679965348975
40.834679965348975
40.834679965348975
40.834679965348975
40.834679965348975
40.834679965348975
40.834679965348975
40.834679965348975
40.834679965348975
40.834679965348975
40.834679965348975
40.834679965348975
40.834679965348975
40.834679965348975
40.834679965348975
40.834679965348975
40.834679965348975
40.834679965348975
40.49185013898772
40.49185013898772
40.49185013898772
40.14209399107353
40.14209399107353
40.14209399107353
39.7851258703449
39.42064208182268
39.04831933437518
38.66781301764712
38.66781301764712
38.66781301764712
38.27875528533859
38.27875528533859
38.27875528533859
38.27875528533859
38.27875528533859
38.27875528533859
38.27875528533859
38.66781301764712
38.66781301764712
38.66781301764712
38.66781301764712
38.66781301764712
38.66781301764712
38.66781301764712
38.66781301764712
38.66781301764712
38.27875528533859
38.27875528533859
38.27875528533859
38.27875528533859
38.27875528533859
38.27875528533859
38.27875528533859
38.27875528533859
38.27875528533859
38.27875528533859
38.27875528533859
38.27875528533859
38.27875528533859
38.27875528533859
38.27875528533859
38.27875528533859
38.27875528533859
38.27875528533859
38.27875528533859
38.27875528533859
38.27875528533859
38.66781301764712
38.66781301764712
38.66781301764712
38.66781301764712
38.66781301764712
39.04831933437518
39.04831933437518
39.04831933437518
38.27875528533859
38.27875528533859
38.66781301764712
38.66781301764712
0.0
0.0
0.0
0.0
0.0
0.0
64.49185013898773
61.05619991710803
61.05619991710803
0.0
61.981114593331725
64.49185013898773
27.7851258703449
40.14209399107353
40.49185013898772
40.49185013898772
40.49185013898772
40.49185013898772
40.49185013898772
40.49185013898772
40.49185013898772
40.49185013898772
40.49185013898772
40.14209399107353
40.14209399107353
40.14209399107353
40.14209399107353
40.14209399107353
40.14209399107353
40.14209399107353
40.14209399107353
40.14209399107353
40.14209399107353
40.14209399107353
40.14209399107353
40.14209399107353
40.14209399107353
40.14209399107353
40.49185013898772
40.49185013898772
40.49185013898772
40.49185013898772
40.49185013898772
40.49185013898772
40.49185013898772
40.49185013898772
40.49185013898772
40.49185013898772
40.49185013898772
40.49185013898772
40.49185013898772
40.49185013898772
40.49185013898772
40.49185013898772
40.49185013898772
40.49185013898772
40.49185013898772
40.49185013898772
40.49185013898772
40.14209399107353
40.14209399107353
40.14209399107353
39.7851258703449
39.7851258703449
39.7851258703449
39.42064208182268
39.04831933437518
39.04831933437518
38.66781301764712
38.66781301764712
38.66781301764712
38.27875528533859
37.8807529181162
38.27875528533859
38.27875528533859
38.66781301764712
38.66781301764712
38.66781301764712
38.66781301764712
38.66781301764712
38.66781301764712
38.66781301764712
38.66781301764712
38.66781301764712
38.66781301764712
38.66781301764712
38.66781301764712
38.27875528533859
38.27875528533859
38.27875528533859
38.27875528533859
38.27875528533859
38.27875528533859
38.27875528533859
38.27875528533859
38.27875528533859
38.27875528533859
38.27875528533859
38.27875528533859
38.27875528533859
38.27875528533859
38.27875528533859
38.66781301764712
38.66781301764712
38.66781301764712
38.66781301764712
38.66781301764712
38.66781301764712
38.66781301764712
38.66781301764712
38.66781301764712
38.66781301764712
38.27875528533859
38.27875528533859
38.66781301764712
39.42064208182268
35.740706023014056
23.74070602301405
26.27875528533859
28.491850138987722
26.27875528533859
38.66781301764712
39.04831933437518
64.83467996534898
64.83467996534898
0.0
0.0
37.47338493503615
37.8807529181162
37.05619991710803
36.628713000339374
36.190402488038
36.190402488038
36.190402488038
36.190402488038
36.190402488038
36.190402488038
36.190402488038
36.190402488038
36.190402488038
36.628713000339374
36.628713000339374
36.190402488038
36.190402488038
36.190402488038
36.190402488038
36.190402488038
36.190402488038
36.628713000339374
36.628713000339374
36.628713000339374
36.628713000339374
36.628713000339374
36.628713000339374
36.628713000339374
36.628713000339374
36.628713000339374
36.628713000339374
36.628713000339374
36.628713000339374
36.628713000339374
36.628713000339374
36.628713000339374
36.628713000339374
36.628713000339374
36.628713000339374
36.628713000339374
36.190402488038
36.190402488038
36.190402488038
36.190402488038
36.190402488038
36.190402488038
36.628713000339374
36.628713000339374
37.05619991710803
37.05619991710803
36.628713000339374
36.628713000339374
36.628713000339374
36.628713000339374
36.628713000339374
36.190402488038
36.190402488038
36.190402488038
36.190402488038
0.0
0.0
0.0
0.0
0.0
0.0
0.0
0.0
0.0
0.0
0.0
0.0
0.0
0.0
0.0
0.0
0.0
0.0
0.0
0.0
0.0
0.0
0.0
0.0
0.0
0.0
0.0
0.0
0.0
0.0
43.06134780322189
0.0
0.0
0.0
0.0
45.03398961803248
0.0
44.76557586169103
44.215931586333525
44.215931586333525
42.76025603166793
42.76025603166793
46.56254129574721
42.45383492638228
43.93442391244566
47.04347056825124
51.7851258703449
51.60384316166241
42.76025603166793
0.0
0.0
0.0
0.0
0.0
0.0
0.0
0.0
0.0
0.0
0.0
0.0
0.0
0.0
0.0
0.0
0.0
0.0
0.0
0.0
0.0
0.0
29.17085247938413
41.17085247938414
41.50062131644942
41.82422588765265
41.50062131644942
41.50062131644942
41.50062131644942
41.17085247938414
41.17085247938414
41.17085247938414
41.17085247938414
41.17085247938414
41.17085247938414
41.17085247938414
40.834679965348975
41.17085247938414
41.17085247938414
41.17085247938414
41.17085247938414
41.17085247938414
41.17085247938414
41.17085247938414
41.17085247938414
41.17085247938414
41.17085247938414
41.17085247938414
41.50062131644942
41.50062131644942
41.50062131644942
41.17085247938414
41.17085247938414
41.17085247938414
41.17085247938414
41.17085247938414
41.17085247938414
41.17085247938414
41.17085247938414
41.17085247938414
41.17085247938414
41.17085247938414
41.17085247938414
41.17085247938414
41.17085247938414
41.17085247938414
41.17085247938414
40.834679965348975
40.14209399107353
40.14209399107353
62.08089781187577
61.26604903785413
61.57612909707724
61.57612909707724
61.26604903785413
61.26604903785413
61.67826709534344
0.0
0.0
61.05619991710803
61.05619991710803
0.0
0.0
0.0
40.49185013898772
40.834679965348975
40.834679965348975
40.834679965348975
40.834679965348975
40.834679965348975
40.834679965348975
40.834679965348975
40.834679965348975
40.834679965348975
40.834679965348975
40.834679965348975
40.834679965348975
40.834679965348975
40.834679965348975
40.834679965348975
40.834679965348975
40.834679965348975
40.834679965348975
40.834679965348975
40.834679965348975
40.834679965348975
40.834679965348975
40.834679965348975
40.834679965348975
40.834679965348975
40.834679965348975
40.834679965348975
40.834679965348975
40.834679965348975
40.834679965348975
40.834679965348975
40.834679965348975
40.834679965348975
40.834679965348975
40.834679965348975
40.834679965348975
40.834679965348975
40.834679965348975
40.834679965348975
40.834679965348975
40.834679965348975
40.49185013898772
40.14209399107353
40.14209399107353
40.14209399107353
40.49185013898772
0.0
0.0
0.0
0.0
0.0
0.0
43.93442391244566
41.82422588765265
41.82422588765265
41.50062131644942
41.50062131644942
41.17085247938414
41.17085247938414
41.50062131644942
41.17085247938414
41.17085247938414
41.50062131644942
41.50062131644942
41.50062131644942
41.50062131644942
41.50062131644942
41.50062131644942
41.17085247938414
41.17085247938414
41.50062131644942
41.50062131644942
41.50062131644942
41.50062131644942
41.50062131644942
41.50062131644942
41.50062131644942
41.50062131644942
41.50062131644942
41.50062131644942
41.50062131644942
41.50062131644942
41.50062131644942
41.50062131644942
41.50062131644942
41.50062131644942
41.50062131644942
41.50062131644942
41.50062131644942
41.50062131644942
41.50062131644942
41.82422588765265
41.82422588765265
41.82422588765265
41.50062131644942
40.834679965348975
40.14209399107353
40.834679965348975
55.20995249669188
0.0
0.0
62.5713651888621
62.66781301764712
62.27875528533859
56.62979210295701
63.5124849523439
63.5124849523439
0.0
63.6038431616624
63.5124849523439
59.62643273359197
62.5713651888621
41.17085247938414
41.17085247938414
41.17085247938414
40.834679965348975
40.834679965348975
40.834679965348975
40.834679965348975
40.834679965348975
40.49185013898772
40.49185013898772
40.49185013898772
40.49185013898772
40.49185013898772
40.49185013898772
40.49185013898772
40.834679965348975
40.834679965348975
40.834679965348975
40.834679965348975
40.834679965348975
40.834679965348975
40.834679965348975
40.834679965348975
40.834679965348975
40.834679965348975
40.834679965348975
40.834679965348975
40.834679965348975
40.834679965348975
40.49185013898772
40.834679965348975
40.834679965348975
40.834679965348975
40.834679965348975
40.834679965348975
40.834679965348975
40.834679965348975
40.834679965348975
40.834679965348975
40.49185013898772
40.14209399107353
40.14209399107353
20.765575861691026
0.0
0.0
0.0
0.0
0.0
0.0
0.0
29.824225887652652
41.82422588765265
41.82422588765265
41.82422588765265
41.82422588765265
41.82422588765265
41.82422588765265
41.82422588765265
41.82422588765265
41.82422588765265
41.50062131644942
41.50062131644942
41.50062131644942
41.50062131644942
41.50062131644942
41.50062131644942
41.50062131644942
41.50062131644942
41.50062131644942
41.50062131644942
41.50062131644942
41.50062131644942
41.50062131644942
41.50062131644942
41.50062131644942
41.50062131644942
41.50062131644942
41.50062131644942
41.50062131644942
41.50062131644942
41.50062131644942
41.50062131644942
41.50062131644942
41.50062131644942
41.50062131644942
41.50062131644942
41.50062131644942
41.50062131644942
41.50062131644942
41.50062131644942
41.50062131644942
41.50062131644942
41.82422588765265
41.82422588765265
41.82422588765265
41.50062131644942
41.50062131644942
41.17085247938414
40.834679965348975
41.17085247938414
41.17085247938414
41.82422588765265
42.76025603166793
43.35729245403312
43.648263008993254
43.648263008993254
43.93442391244566
43.93442391244566
43.93442391244566
43.93442391244566
43.648263008993254
43.648263008993254
43.648263008993254
43.648263008993254
43.648263008993254
43.648263008993254
43.648263008993254
43.648263008993254
43.648263008993254
43.648263008993254
43.648263008993254
43.648263008993254
43.648263008993254
43.648263008993254
43.648263008993254
43.648263008993254
43.648263008993254
43.648263008993254
43.648263008993254
43.648263008993254
43.648263008993254
43.648263008993254
43.648263008993254
43.648263008993254
43.648263008993254
43.648263008993254
43.35729245403312
43.35729245403312
43.35729245403312
43.35729245403312
43.35729245403312
43.35729245403312
43.35729245403312
43.35729245403312
43.35729245403312
43.35729245403312
43.35729245403312
43.06134780322189
43.648263008993254
43.93442391244566
43.648263008993254
62.66781301764712
62.66781301764712
64.83467996534898
64.83467996534898
64.74960686791314
0.0
0.0
62.66781301764712
64.83467996534898
64.74960686791314
0.0
62.08089781187577
62.08089781187577
0.0
61.67826709534344
0.0
40.834679965348975
40.834679965348975
41.17085247938414
41.17085247938414
41.17085247938414
41.17085247938414
41.17085247938414
41.17085247938414
41.17085247938414
41.17085247938414
41.17085247938414
41.17085247938414
41.17085247938414
41.17085247938414
41.17085247938414
41.17085247938414
40.834679965348975
40.834679965348975
40.834679965348975
40.834679965348975
40.834679965348975
41.17085247938414
41.17085247938414
41.17085247938414
41.17085247938414
41.17085247938414
41.17085247938414
41.17085247938414
41.17085247938414
41.17085247938414
41.17085247938414
41.17085247938414
40.834679965348975
40.834679965348975
40.834679965348975
40.834679965348975
40.834679965348975
40.834679965348975
40.834679965348975
40.834679965348975
40.834679965348975
40.834679965348975
40.834679965348975
40.834679965348975
40.834679965348975
40.834679965348975
41.17085247938414
41.17085247938414
41.17085247938414
41.17085247938414
40.834679965348975
40.834679965348975
28.491850138987722
0.0
0.0
0.0
0.0
0.0
0.0
0.0
0.0
0.0
0.0
0.0
0.0
0.0
0.0
0.0
0.0
0.0
0.0
0.0
0.0
0.0
0.0
0.0
41.82422588765265
0.0
0.0
0.0
0.0
0.0
0.0
43.06134780322189
47.04347056825124
47.04347056825124
47.04347056825124
43.35729245403312
43.35729245403312
55.06134780322189
45.03398961803248
42.141892423986945
0.0
0.0
0.0
0.0
0.0
0.0
0.0
0.0
0.0
0.0
0.0
0.0
0.0
0.0
0.0
0.0
0.0
0.0
0.0
0.0
0.0
0.0
0.0
0.0
0.0
0.0
29.17085247938413
42.45383492638228
42.141892423986945
42.141892423986945
42.141892423986945
41.82422588765265
41.82422588765265
41.82422588765265
41.50062131644942
41.50062131644942
41.50062131644942
41.50062131644942
41.50062131644942
41.17085247938414
41.17085247938414
41.17085247938414
41.17085247938414
41.17085247938414
41.17085247938414
41.17085247938414
41.17085247938414
41.17085247938414
41.17085247938414
41.50062131644942
41.50062131644942
41.50062131644942
41.50062131644942
41.50062131644942
41.50062131644942
41.50062131644942
41.50062131644942
41.50062131644942
41.50062131644942
41.50062131644942
41.17085247938414
41.17085247938414
41.17085247938414
41.17085247938414
41.17085247938414
41.17085247938414
41.17085247938414
41.17085247938414
41.17085247938414
40.834679965348975
40.49185013898772
40.14209399107353
39.7851258703449
0.0
62.66781301764712
62.66781301764712
62.66781301764712
62.95397392109953
0.0
62.95397392109953
62.95397392109953
62.66781301764712
62.66781301764712
62.27875528533859
0.0
0.0
0.0
29.17085247938413
29.17085247938413
17.17085247938413
37.05619991710803
37.05619991710803
36.628713000339374
36.628713000339374
36.190402488038
36.190402488038
36.190402488038
36.190402488038
36.190402488038
36.190402488038
36.190402488038
36.190402488038
36.190402488038
36.628713000339374
36.628713000339374
36.628713000339374
36.628713000339374
37.05619991710803
37.05619991710803
36.628713000339374
36.628713000339374
36.628713000339374
36.628713000339374
36.628713000339374
36.628713000339374
36.628713000339374
36.628713000339374
36.628713000339374
36.628713000339374
36.628713000339374
36.628713000339374
36.628713000339374
36.628713000339374
36.628713000339374
36.628713000339374
36.628713000339374
36.628713000339374
36.628713000339374
37.05619991710803
37.05619991710803
37.05619991710803
37.05619991710803
37.05619991710803
37.05619991710803
37.47338493503615
37.47338493503615
37.47338493503615
37.8807529181162
37.8807529181162
38.27875528533859
38.27875528533859
38.27875528533859
38.66781301764712
38.66781301764712
39.04831933437518
39.04831933437518
39.04831933437518
39.04831933437518
39.04831933437518
39.04831933437518
39.04831933437518
38.66781301764712
38.66781301764712
38.66781301764712
38.66781301764712
38.66781301764712
38.66781301764712
38.66781301764712
38.66781301764712
38.66781301764712
38.66781301764712
38.66781301764712
38.66781301764712
38.66781301764712
38.66781301764712
38.66781301764712
38.66781301764712
38.66781301764712
38.66781301764712
38.66781301764712
38.66781301764712
38.66781301764712
38.66781301764712
38.66781301764712
38.66781301764712
38.66781301764712
38.66781301764712
39.04831933437518
39.04831933437518
39.04831933437518
39.04831933437518
39.04831933437518
39.04831933437518
39.04831933437518
39.04831933437518
38.27875528533859
38.27875528533859
38.66781301764712
38.66781301764712
61.67826709534344
61.67826709534344
61.67826709534344
62.376842462686994
0.0
61.16144243264081
61.05619991710803
61.05619991710803
61.05619991710803
63.6038431616624
63.5124849523439
64.40507130821481
64.40507130821481
15.7851258703449
40.834679965348975
41.17085247938414
41.17085247938414
41.17085247938414
41.17085247938414
41.17085247938414
40.834679965348975
40.834679965348975
40.834679965348975
40.834679965348975
40.834679965348975
40.834679965348975
40.834679965348975
40.834679965348975
41.17085247938414
41.17085247938414
41.17085247938414
41.17085247938414
41.17085247938414
41.17085247938414
41.17085247938414
41.17085247938414
41.17085247938414
41.17085247938414
41.17085247938414
41.17085247938414
41.17085247938414
41.17085247938414
41.17085247938414
41.17085247938414
41.17085247938414
41.17085247938414
41.17085247938414
41.17085247938414
41.17085247938414
41.17085247938414
41.17085247938414
41.17085247938414
41.17085247938414
41.17085247938414
41.17085247938414
41.17085247938414
40.834679965348975
40.49185013898772
40.49185013898772
40.49185013898772
0.0
0.0
0.0
0.0
0.0
0.0
0.0
0.0
0.0
29.824225887652652
42.141892423986945
42.141892423986945
41.82422588765265
41.82422588765265
41.82422588765265
41.82422588765265
41.82422588765265
41.82422588765265
41.82422588765265
41.82422588765265
41.82422588765265
41.82422588765265
41.82422588765265
41.82422588765265
41.82422588765265
41.82422588765265
41.82422588765265
41.82422588765265
41.82422588765265
41.82422588765265
41.82422588765265
41.82422588765265
41.82422588765265
41.82422588765265
41.82422588765265
41.82422588765265
41.82422588765265
41.82422588765265
41.82422588765265
41.82422588765265
41.82422588765265
41.82422588765265
41.82422588765265
41.82422588765265
41.82422588765265
41.82422588765265
41.82422588765265
41.82422588765265
41.82422588765265
41.82422588765265
41.82422588765265
41.82422588765265
41.82422588765265
41.82422588765265
41.82422588765265
41.82422588765265
41.82422588765265
41.82422588765265
41.82422588765265
41.82422588765265
40.834679965348975
40.14209399107353
40.49185013898772
41.17085247938414
0.0
55.06134780322189
0.0
0.0
0.0
58.316972065030626
58.316972065030626
23.74070602301405
22.80467587899878
15.7851258703449
17.17085247938413
17.17085247938413
40.834679965348975
41.17085247938414
41.17085247938414
41.17085247938414
41.17085247938414
41.17085247938414
41.17085247938414
41.17085247938414
41.17085247938414
41.17085247938414
41.17085247938414
41.17085247938414
41.17085247938414
41.17085247938414
41.17085247938414
41.17085247938414
41.17085247938414
41.17085247938414
41.17085247938414
41.17085247938414
41.17085247938414
41.17085247938414
41.17085247938414
41.17085247938414
41.17085247938414
41.17085247938414
41.17085247938414
41.17085247938414
41.17085247938414
41.17085247938414
41.17085247938414
41.17085247938414
41.17085247938414
41.17085247938414
41.17085247938414
41.17085247938414
41.17085247938414
41.17085247938414
41.17085247938414
41.17085247938414
40.834679965348975
40.14209399107353
40.14209399107353
40.14209399107353
0.0
0.0
0.0
0.0
0.0
0.0
0.0
30.453834926382278
29.17085247938413
41.82422588765265
41.82422588765265
41.82422588765265
41.50062131644942
41.82422588765265
41.82422588765265
41.82422588765265
41.82422588765265
41.82422588765265
41.82422588765265
41.50062131644942
41.82422588765265
41.82422588765265
41.82422588765265
41.82422588765265
41.82422588765265
41.82422588765265
41.82422588765265
41.82422588765265
41.82422588765265
41.82422588765265
41.82422588765265
41.82422588765265
41.82422588765265
41.82422588765265
41.82422588765265
41.82422588765265
41.82422588765265
41.82422588765265
41.82422588765265
41.82422588765265
41.82422588765265
41.82422588765265
41.82422588765265
41.82422588765265
41.82422588765265
41.82422588765265
41.82422588765265
41.82422588765265
41.50062131644942
41.50062131644942
41.50062131644942
41.50062131644942
41.82422588765265
41.82422588765265
41.82422588765265
41.82422588765265
41.82422588765265
41.82422588765265
41.82422588765265
41.82422588765265
41.82422588765265
41.82422588765265
41.82422588765265
42.141892423986945
42.141892423986945
42.141892423986945
42.141892423986945
42.141892423986945
42.141892423986945
42.141892423986945
42.141892423986945
42.141892423986945
41.82422588765265
41.82422588765265
41.82422588765265
41.50062131644942
41.50062131644942
41.17085247938414
41.17085247938414
41.17085247938414
40.834679965348975
40.834679965348975
40.834679965348975
40.834679965348975
40.834679965348975
40.834679965348975
40.834679965348975
40.834679965348975
40.834679965348975
0.0
0.0
0.0
0.0
0.0
0.0
0.0
0.0
0.0
0.0
0.0
0.0
0.0
0.0
0.0
0.0
0.0
0.0
0.0
0.0
0.0
0.0
0.0
0.0
0.0
0.0
0.0
0.0
0.0
0.0
0.0
0.0
0.0
0.0
0.0
0.0
0.0
0.0
0.0
0.0
0.0
0.0
0.0
0.0
0.0
0.0
0.0
0.0
0.0
0.0
0.0
0.0
0.0
0.0
0.0
0.0
0.0
0.0
0.0
0.0
0.0
0.0
0.0
0.0
0.0
0.0
0.0
0.0
0.0
0.0
0.0
0.0
0.0
0.0
0.0
0.0
0.0
0.0
0.0
0.0
0.0
0.0
0.0
0.0
0.0
0.0
0.0
0.0
0.0
0.0
0.0
0.0
0.0
0.0
0.0
0.0
0.0
