1.0
8.663560151944692e-06
2.3747258893536127e-05
6.202084568940336e-05
0.0012324674062256233
0.04330106137422262
0.27882437501102686
0.506034716963768
0.34640744584612554
0.08247105858754368
0.022874328773468733
0.03528773400466889
0.020470577670494098
0.004060839593876153
0.003176382015226409
0.004276181571185589
0.006832282815594226
0.019696450675837696
0.04560405877418816
0.05336606968194246
0.02923601173097268
0.006768409275537125
0.0007238709313241999
8.74785368978337e-05
1.68029771430156e-05
3.6423609799385308e-06
3.0909415045243804e-06
4.298786052459036e-06
5.155936605660827e-06
4.562055551105004e-06
3.7395388972072396e-06
3.842587716462731e-06
3.918142567727045e-06
2.965261643339545e-06
2.0064162811195274e-06
1.6870408785507607e-06
1.5816114853350882e-06
1.6284098762753274e-06
1.7123856537182292e-06
2.005238798119535e-06
2.8653299182224146e-06
4.258536023371562e-06
5.505523972715309e-06
5.939738002780359e-06
7.687099468967062e-06
1.6248663087026216e-05
3.670431669888785e-05
5.5348847126879264e-05
5.29713106516283e-05
6.711565038131084e-05
0.0004013581328763393
0.002909351576818153
0.010875742795178667
0.02045857603661716
0.02133765514008701
0.016208783257752657
0.025381852639839053
0.13991404604166746
0.40360324271023273
0.6054979786276817
0.544758528470993
0.3182218372821808
0.12431586231105031
0.03112781989329961
0.003952027776449541
0.00025065789850486914
8.390717795236926e-06
2.5807572683334e-06
2.3206613519732855e-06
1.2318642248487779e-06
2.709115989318889e-07
1.4467485343061526e-07
2.6075549186543867e-07
1.3256432573882646e-06
8.113154265743105e-06
9.160074796454863e-05
0.0003689561654027784
0.0005982321963529103
0.0005737500177929178
0.00044768907901016064
0.00022751888081984364
4.593517337525555e-05
2.7842240797326664e-05
0.0001047027428739966
0.00022585630176763516
0.00030198819149518386
0.00029055085906293243
0.0002076931941701332
0.00011545087727427018
6.32589690212626e-05
4.4435018935473636e-05
3.4891530049208086e-05
2.6822503969015088e-05
3.200159699190408e-05
5.289658201945713e-05
8.673319553054171e-05
0.00015402024109789636
0.00024470241623930633
0.00024566157480876427
0.0001298211791436188
3.921371626347537e-05
2.6011625777755398e-05
3.787463174376171e-05
4.6852350351400673e-05
5.336516278475756e-05
7.224887576740002e-05
0.00012280208284209948
0.00019059057376580313
0.00020060957831447013
0.00016379920998588204
0.00018814238501363434
0.00025925036607077345
0.0008984414598671718
0.010673723656509536
0.02601759269600734
0.02613980951718986
0.01565857441164553
0.009150495170615613
0.0050034470041282475
0.002411060268059373
0.0017348222754662856
0.001975495455553755
0.02277416309516411
0.17856972082518038
0.39382033236324787
0.3677422348409891
0.16540199518203738
0.038863465219037614
0.004790547623997555
0.0006401815771823749
0.00028083677625545533
0.00010045583621831612
0.00016074506947916234
0.0005511039180419175
0.001437182116205804
0.002146679034922272
0.0017149924824479967
0.0007794502162141727
0.00024616931568743894
6.801406243539532e-05
2.488063591954415e-05
1.1615523817454232e-05
7.853774604882346e-06
9.641205224397709e-06
1.1097049423369754e-05
8.014589809590689e-06
4.491102572501404e-06
3.220115559088299e-06
2.9401747951851576e-06
2.901529057908192e-06
2.739696583375917e-06
2.5288202891715628e-06
2.81843449556618e-06
4.409061318710883e-06
1.1831527103822737e-05
4.056283728459675e-05
0.00019929367226723113
0.0013330961064639266
0.0052416118123801425
0.013840740197338164
0.026706460630521178
0.04163930471986532
0.05073525011539459
0.04679739009588957
0.042028178460896015
0.06977079901844263
0.18784219399094582
0.4062856622040272
0.568230465054512
0.47672247141599655
0.21485461760312322
0.04066695854635328
0.0012627504804640923
1.5704214888501156e-05
4.921225354337366e-06
3.0864742086578194e-06
1.7907646281400957e-06
1.2931037502994513e-06
7.64813677278653e-07
3.4278826888112235e-07
1.351509384406313e-07
7.841357607674126e-08
2.2696818735568056e-07
1.0103844125808337e-06
5.714381870802753e-06
2.8255078461825175e-05
0.00019315422514409872
0.00038951200258452445
0.00030062926634855103
0.00010406153796793662
3.6133640946900414e-05
1.5108540367236857e-05
8.507575330440886e-06
6.429825504028486e-05
0.0002175694603465672
0.0003535240684868768
0.00032054436451289803
0.00020838786076637916
0.0003190269853803329
0.000778625068051042
0.00106589357892517
0.0008081165724433959
0.0005121420253999531
0.0004963963147019967
0.0005117705732118338
0.0003900658994098194
0.0002139027146768058
0.00010288108842360089
5.584149675996741e-05
3.44106360898877e-05
2.559611948527163e-05
2.3827809854992665e-05
2.821615998982452e-05
4.258455237504677e-05
6.125690197222866e-05
8.183741556422319e-05
9.571514783601742e-05
8.300914487335831e-05
5.223485777605674e-05
2.721007695072331e-05
1.6972688172245398e-05
1.6496780972374836e-05
1.8662433376448462e-05
3.1107411359698744e-05
7.047310373309301e-05
0.00011023317347280681
0.00010177666626987047
8.876241736288648e-05
0.0006615993079321924
0.003973398674133932
0.00949278473854065
0.013602632330730557
0.01622540596872568
0.013832860509864986
0.007229146314784885
0.013131079147569833
0.05588403670117258
0.08971108309924603
0.055138209601864226
0.01925984723493457
0.236557895084843
0.638441258110106
0.6222765222191811
0.23365651536732918
0.024074798784567978
0.002445355377858505
0.0009552611772960518
0.00045982768097019294
0.00010370281415816863
0.00015058075041451957
0.0008403422489209332
0.004485315934289247
0.009983256051782519
0.010220904892776161
0.005039739888161422
0.0012320781715970954
0.0002321705969734467
5.8953256029781194e-05
2.1167085378692718e-05
1.0512246035432327e-05
6.631673954871076e-06
4.625558176485356e-06
4.137479322707804e-06
4.164563392805576e-06
4.163247126598435e-06
5.116883130540373e-06
6.271798042689625e-06
7.206517580016225e-06
9.473349791733199e-06
1.2536764870674233e-05
1.2595569614859414e-05
8.679217785356741e-06
4.244967215072393e-06
1.955959135102603e-06
2.3908401658445655e-06
5.425194842700876e-06
1.3824009897689393e-05
2.6506197173148394e-05
3.1437100005859975e-05
2.5288565211667446e-05
1.7906212178786518e-05
1.4780283891013823e-05
1.5415708730870392e-05
1.644328108341142e-05
2.0508410671027377e-05
4.247556194059143e-05
0.00012000735478068235
0.00028325035600573756
0.0005221812389208935
0.0009897559502860531
0.0018612546555232257
0.0028334807429928333
0.003589975298382342
0.00598591601010412
0.018280707648955286
0.10445032967254518
0.37014423683285713
0.536140214651823
0.32535528950393205
0.08484451880212875
0.02372946101240814
0.023644871427677572
0.029396647587418556
0.020825300132855773
0.010370184143539518
0.004590235330397263
0.0018901277508120986
0.0010323504320695065
0.000563742079975782
0.00025782610464375466
0.00014273568558564875
9.52861246332759e-05
5.027415215863585e-05
1.626919140562677e-05
5.889857447982649e-06
1.1381786521269532e-05
2.9552512501140882e-05
4.2530470182100544e-05
3.0873631658323575e-05
1.5878239082667278e-05
1.4877413832437014e-05
1.4237295204111433e-05
8.050356086641841e-06
5.650411708302272e-06
1.2004938866994053e-05
2.2846081265015528e-05
2.5609982685637078e-05
1.6651662349431717e-05
9.72939187704469e-06
1.1589470318540407e-05
1.6527143998246174e-05
1.7938999917532783e-05
1.4137013977233437e-05
9.710586255096132e-06
1.1676927215376054e-05
2.0518627479759743e-05
2.7648441118799383e-05
2.5391512508576852e-05
1.759604697326722e-05
1.5344170833486714e-05
2.1044810864623287e-05
3.604465155149228e-05
6.91694608576654e-05
0.00010442126222187653
0.00012655792124860454
0.0002940216818387853
0.0008721902522665914
0.0034253681515110652
0.04380236554425209
0.28691331879235804
0.6774865761399269
0.7854123115539551
0.4972968259826303
0.15857307915575805
0.016171828847291184
0.0011419265977110629
6.465636278107924e-05
2.5873836442258384e-06
5.758312298098645e-07
3.7516286361949365e-06
1.3383868818550582e-05
2.227281379418855e-05
1.9383559674679418e-05
8.621133019914852e-06
2.382756321139823e-06
1.3414511386145023e-06
9.272762326872909e-07
6.948049815491686e-07
1.2208320470108447e-06
1.6053669838811402e-05
0.00016710310762846345
0.000540855512554117
0.0006772029264539015
0.00045595151459565386
0.0003391286882106215
0.0002177153287448164
5.397986819843937e-05
1.4357318377733463e-05
1.972063614630315e-05
2.8993840260227444e-05
2.754629349510651e-05
2.704963662836235e-05
6.326377661025617e-05
0.0001353309062324115
0.0001713868223305326
0.00014937690139049664
0.00013166008284315467
0.00012669945499510504
0.00010129189377039438
6.329639109026175e-05
3.629802722571185e-05
2.1365958218666492e-05
1.2292038036321173e-05
1.1096119578724029e-05
2.089126496684912e-05
3.28342152897676e-05
2.9527965580200544e-05
1.6014289030863438e-05
7.58236069486884e-06
7.523254680563696e-06
1.553301558487874e-05
3.027285174539429e-05
4.0721877667238005e-05
3.626114357757615e-05
2.6018556127382908e-05
2.215957783846534e-05
2.777491772576468e-05
3.744302784980391e-05
3.6661268040916184e-05
2.377322721258679e-05
1.3508521760741132e-05
1.3748093579124543e-05
1.724652042867092e-05
1.4358026191985118e-05
8.09789048616949e-06
5.04798458678124e-06
4.981586243957281e-06
8.942354725149926e-06
2.244166876153031e-05
4.3958532387478044e-05
5.254292318568332e-05
4.0475427795172436e-05
0.00012949561096320394
0.0015560091137558627
0.008381616695260163
0.016059503774158657
0.013275420584250242
0.0050077791966032245
0.0011858277284773067
0.00048331149628211284
0.00018404732281851469
4.128775799472351e-05
1.654668722039787e-05
2.6597032956487965e-05
3.6151177027932135e-05
3.730634489329532e-05
5.610760490526445e-05
0.00010010621645051287
0.00020299662901379634
0.0007112180319381878
0.002023761931923218
0.0038112755573820323
0.0068828940857201815
0.013454552390612662
0.017857245868071914
0.01258182554738596
0.004253638035152108
0.0009223529632436113
0.0015477090782951561
0.004089223002665676
0.0053533719619736075
0.003340470371767879
0.0011521070773596875
0.0004378520461614244
0.00021922091764281504
0.00010225842697764166
2.6711603368312357e-05
1.9919903479603818e-05
5.319155343386228e-05
8.372887623409042e-05
6.476151929746266e-05
3.366907822055509e-05
2.7580820642469916e-05
2.731516588028171e-05
4.408269023770117e-05
0.00012522519273261423
0.00019693310969159938
0.00015132769385672873
0.00011594160423555877
0.0002509394898879691
0.00035338702946319245
0.00022651212748314722
0.00010009967809310183
8.366342353838263e-05
5.794666139991023e-05
3.0237348710215887e-05
4.413773694977863e-05
9.025445933730225e-05
0.0001254398939636303
0.00011819378596555907
8.542832438251935e-05
5.747264503952465e-05
3.53807754436275e-05
2.2152794372232165e-05
2.0888068320346065e-05
2.2002293462719535e-05
2.1823899260198232e-05
1.80920712864463e-05
1.0839466426659783e-05
5.537736058158771e-06
3.7391407090581197e-06
3.23848547623129e-06
3.722386679783085e-06
4.313508441100566e-06
3.8459198776763515e-06
5.243989392056392e-06
2.272005508530128e-05
6.085757422624738e-05
0.0004326907346694497
0.001901512270706007
0.003916675166692585
0.00493633677251637
0.011445005773566663
0.07620279863476753
0.1742772338911891
0.16030217288061976
0.06104809604585172
0.04031491605564952
0.2604736117646098
0.5057717058807611
0.3723477572202683
0.10899908118881287
0.01575928297825158
0.0019428233499638738
0.0011410360893933102
0.0005593547648459207
0.00020803184452233836
0.00022657561567029916
0.00041018052434083074
0.0005433813639683649
0.0004475334153539734
0.00020065857279405466
4.250320978371747e-05
7.955103171752853e-06
1.8092888041110202e-06
6.985214611177071e-07
5.632260098309416e-07
6.610917466787214e-07
8.449467543414357e-07
1.3906216622672218e-06
2.0348753650978324e-06
2.1671391436939302e-06
2.2605572098655102e-06
2.7005337983609934e-06
2.6148035772166622e-06
1.7829345608788574e-06
1.1064263674143149e-06
8.059076606059534e-07
6.931028480039458e-07
7.151999454890756e-07
7.128929127020456e-07
7.860360824452073e-07
1.2486738114603213e-06
2.7679439540406747e-06
4.680312315485935e-06
5.051689072388399e-06
5.258060355117777e-06
9.6510306093478e-06
1.7155971590909758e-05
1.8729739167611115e-05
1.4204193576006219e-05
2.379315901634982e-05
9.994688571168807e-05
0.00026530114246270387
0.0005549177512875758
0.0012411359493853524
0.0016526632534805685
0.0011441967217251658
0.0010116458288393915
0.0025546910474076867
0.008867256750818342
0.015110125299543142
0.014566756784915924
0.014002796728163958
0.018384675960987806
0.02324679819867015
0.02333477884531021
0.02746205171570182
0.058041084092110395
0.09291957318782806
0.08362902048975229
0.05031701549887657
0.02604592399438843
0.008852820188621992
0.001076396536518587
0.00016855925150593978
4.919512093692902e-05
1.956618484655337e-05
1.4645497230958426e-05
1.1582464821913163e-05
7.836681049866456e-06
4.367875533262122e-06
4.210744862120919e-06
6.033851661868539e-06
6.661503562099824e-06
5.096666029658081e-06
3.7129892689335975e-06
4.20480495222364e-06
7.702260745645617e-06
1.731566510443372e-05
2.9931361041235505e-05
3.26059875987994e-05
2.403423923169612e-05
1.8527154679759406e-05
2.0432390101632336e-05
2.337403157071094e-05
2.4145878342096694e-05
2.1568251668213634e-05
1.832830730563728e-05
2.0128451978962403e-05
2.6343437639297917e-05
3.5566885799198644e-05
5.025363680033479e-05
0.00011517138500494183
0.0002842890316969715
0.0004592603145283647
0.0008247017103713006
0.0044523170799948275
0.013790171942673624
0.023023560410365462
0.041191897820681334
0.1317009935155511
0.25805640034377575
0.2674948014318943
0.17284798063337803
0.09863416478037834
0.09318928234279156
0.10895296558737755
0.08403007220476866
0.040865058079361916
0.014718504040502014
0.004566359653836116
0.0017190618600579912
0.0006300233435467817
0.0006136339870863594
0.0009970267346943729
0.0010367466165916994
0.0006467144921771251
0.00030048113512748387
0.0001186882136607892
3.083923184021842e-05
1.2466031876101624e-05
1.1550291446837946e-05
9.060672596206132e-06
5.48128048194485e-06
3.7899674225627678e-06
2.9532165513046493e-06
2.658517701092933e-06
4.1419820604460256e-06
7.358582593042229e-06
1.2041674040119688e-05
2.0360232610983076e-05
2.7303929982736008e-05
2.4062285092441016e-05
1.8764421838568524e-05
2.2765911353417323e-05
3.1857613521424355e-05
4.060920582560357e-05
5.4319060836860444e-05
7.017490497673862e-05
6.974688494665315e-05
5.000986811865005e-05
2.853940986824455e-05
1.9415371298237005e-05
2.399217919446528e-05
4.05590026275604e-05
6.017230316501809e-05
6.0792124713771045e-05
4.297361329008709e-05
2.917893516496406e-05
2.2958405679673888e-05
1.4970905453992602e-05
7.430423124787922e-06
1.2490696349232165e-05
0.0001044556946681041
0.0010777917250379687
0.009581797108694445
0.020469080132897943
0.032685479149222374
0.06425959849730134
0.11744645424187183
0.15353656187653542
0.11293698172084989
0.036626649554818876
0.07318014721386133
0.3656479939818382
0.5783088207244873
0.3485438041388989
0.07722228044440273
0.011667704340652564
0.0007059599483909551
0.000422596018324839
0.00027834097636514343
0.0006353468015731778
0.001193581338156946
0.0016036278393585235
0.001382733869832009
0.0007025237246125472
0.00023566971958643992
6.85657502117465e-05
1.0519680387233167e-05
2.0283958974687266e-06
9.046959235092801e-07
5.307405857024605e-07
4.360514793688708e-07
5.707940644583687e-07
8.250511314145115e-07
9.78173247290215e-07
8.113925602515337e-07
6.250235173865804e-07
9.487453311862737e-07
1.6171527903452443e-06
2.0670003380018898e-06
2.5143249899883813e-06
3.2119460229296237e-06
3.548001757280872e-06
3.517314269174676e-06
4.4171217155053455e-06
7.4942531682609115e-06
1.4622888897974917e-05
3.59441280579631e-05
0.00010229166446151794
0.00031341750946012326
0.0011346749270160217
0.003962132439482957
0.0095977081800811
0.016126541420817375
0.019316155463457108
0.017066050320863724
0.017136372160166502
0.07227415218949318
0.26986541179940104
0.49889304488897324
0.5283072367310524
0.3575756773352623
0.1490582139231265
0.03350229474017397
0.006302508933003993
0.0015559139283141123
0.0006338315074572165
0.0001627666149488505
4.4863208756851245e-06
1.2709612633443612e-06
1.1053576827180223e-06
1.6590998370702437e-06
5.060230620301809e-06
7.624815839335496e-05
0.00038374163364096603
0.0007980875088833272
0.0007957707130117342
0.0004449863408808597
0.00021329422497728956
8.581633619542119e-05
1.5515598988713464e-05
3.0299303489300652e-05
8.497997623635456e-05
0.00015420634917973075
0.00021743262550444342
0.000261692261119606
0.00020975249572074972
9.126692884819933e-05
2.859141113731312e-05
2.4596904495410854e-05
3.711091176228365e-05
5.54976859348244e-05
7.25544496162911e-05
7.692493545619072e-05
5.944606164121069e-05
3.419024869799614e-05
2.4792668227746617e-05
3.626544366852613e-05
4.773542877956061e-05
4.326786984165665e-05
3.770137755054748e-05
4.239263944327831e-05
4.9103916353487875e-05
5.1781971706077456e-05
5.180102107260609e-05
5.950402010057587e-05
8.228098613471957e-05
0.00010815788846230134
0.0001150227508333046
9.821784624364227e-05
9.219625098921824e-05
0.0001772628202161286
0.00045220682659419253
0.0007874350922065787
0.0008842338720569387
0.0006965730499359779
0.0003823515926342225
0.0007268542285601142
0.0035764533586188914
0.00965285481652245
0.02716804039664566
0.04514806903898716
0.0375358066521585
0.01762588301789947
0.005498866405105219
0.0015070864756125957
0.0015713621396571398
0.0034109757980331774
0.010629255877574906
0.01772728026844561
0.014553331420756876
0.00573820662975777
0.0009731960153658294
9.408127516508104e-05
4.4285209696681704e-05
6.481878335762303e-05
0.00010022609058069065
0.00016591492385487072
0.00020145613962085918
0.00013898461384087568
6.016941460984527e-05
3.6261382774682716e-05
3.704606660903664e-05
3.459515301074134e-05
2.2557392071576032e-05
9.454192877456082e-06
4.997038672627241e-06
7.356778269240749e-06
1.2531384754765895e-05
1.7502122318546753e-05
1.7661522861089907e-05
1.288619284878223e-05
7.941411126921594e-06
5.117870841786498e-06
3.695183579566219e-06
3.866030965582468e-06
5.645514136176644e-06
7.561565325886477e-06
8.97928407539439e-06
1.135432080445753e-05
1.4418103091884404e-05
1.4713813470734749e-05
1.2360436357994331e-05
1.3687583759747213e-05
2.3833495106373448e-05
4.6643292535009095e-05
8.762662673689192e-05
0.00025374217693752144
0.0006645760913670529
0.0031563588127028193
0.03132848968380131
0.2378676750231534
0.6301603335887194
0.8461066484451294
0.6572986394166946
0.2818028414621949
0.054811709938803695
0.00557257456239313
0.0005182966760912677
8.510694260621678e-05
9.019289677780762e-06
5.2117674158580485e-06
3.816338448814349e-06
2.8098843927182315e-06
4.2789279177668504e-06
2.166433677075474e-05
4.948085120304313e-05
0.00014827701488684397
0.0003693329435918713
0.0005389414800447412
0.0004615250727511011
0.0002466030309733469
0.00011937262297578854
6.931997995707206e-05
6.822285558882868e-05
0.00021741136333730535
0.0004687459804699756
0.0005745120870415121
0.00045573291572509333
0.0002666870168468449
0.00013051318819634616
6.636869147769175e-05
4.840519432036672e-05
5.465820140670985e-05
6.683164428977761e-05
9.82915807981044e-05
0.00017458756337873638
0.0002754687338892836
0.000292283311864594
0.00018215097588836215
7.436415580741595e-05
4.197631005808944e-05
4.618973980541341e-05
6.193318131408887e-05
8.466969302389771e-05
0.00011314480070723221
0.00014407778508029878
0.00016663847418385558
0.0001717800805636216
0.0001719869178486988
0.00015937738498905674
0.00011672092841763515
8.363351116713602e-05
0.0001027356101985788
0.0001676477932051057
0.00023501618125010282
0.00030567272915504873
0.0004116475465707481
0.0005221855026320554
0.0005410732046584599
0.00042390383896417916
0.0002998802956426516
0.0004618693055817857
0.0009457637133891694
0.0014895569765940309
0.0020965492876712233
0.0030967856873758137
0.0036957323900423944
0.006162944599054754
0.023347287729848176
0.05688026873394847
0.08228704985231161
0.0670028644381091
0.025266311597079042
0.0050631990598049015
0.002919867780292407
0.0006765430007362739
0.0002747881444520317
0.00028868805384263396
0.00034604281245265156
0.0003237382661609445
0.0002022120224864921
0.00012238429735589307
0.00010343967187509406
8.116114531731e-05
5.058564602222759e-05
5.044504996476462e-05
0.0001894085398816969
0.00038823332397441845
0.00044889061246067286
0.00042084429878741503
0.0003539225799613632
0.0003019170108018443
0.000479298185382504
0.0008465733262710273
0.0009502015454927459
0.0006738614465575665
0.0004222226343699731
0.0004092275776201859
0.0006376316232490353
0.001202415325678885
0.004568194912280887
0.014365114970132709
0.04154703230597079
0.07650194363668561
0.1036293487995863
0.10805032961070538
0.07227890659123659
0.04447372164577246
0.0389522269833833
0.022190109128132466
0.007721084482909647
0.0023788717735442337
8.437188535026507e-05
3.4012833111773944e-05
1.2416257618497184e-05
7.554830403933011e-06
8.295037218886137e-06
2.9316624136299648e-05
4.7901938614813844e-05
3.216675304429373e-05
1.5937715033942368e-05
1.8983183508680668e-05
1.902501594486239e-05
1.1246486906202337e-05
4.784811721947335e-06
2.6323341728584637e-06
1.7549126312133012e-06
1.2021813802221004e-06
2.371710280613115e-06
1.2262736106549708e-05
5.416826456894341e-05
0.00010257671783620026
8.92016005309415e-05
4.264744029569557e-05
2.5564742827555165e-05
2.4788486825855216e-05
2.1122105408721836e-05
3.437394479988143e-05
6.347176940835197e-05
7.54165757825831e-05
6.135004969110014e-05
5.8056799389305525e-05
0.00015479643570870394
0.000325769769915496
0.000491343169414904
0.003222587256459519
0.08613362205505835
0.2830572659149766
0.3642139583826065
0.20996445004129785
0.046910414472222335
0.005806656612548977
0.011892880196683109
0.016750714974477887
0.01721776626072824
0.01307880855165422
0.009833635878749192
0.00625640104408376
0.002037146914517507
0.0006190446729306132
0.00039950576319824904
0.0002576784754637629
0.00012861562390753534
8.258019079221413e-05
8.22343208710663e-05
6.035333512954822e-05
2.7219826733926315e-05
3.031735718650452e-05
6.978231112952926e-05
0.00011302908751531504
0.00015823747162357904
0.00019540206631063484
0.00016039818183344323
6.988666018514779e-05
2.3572124973725295e-05
2.426378205200308e-05
3.144923948639189e-05
4.907061884296127e-05
6.953066804271657e-05
7.445953633578029e-05
7.289198219950777e-05
7.00394675732241e-05
5.581531604548218e-05
3.260669382143533e-05
1.2550747442219292e-05
5.43638623184961e-06
8.947458809416275e-06
2.141026322988182e-05
4.303850300857448e-05
7.763824578432832e-05
0.00017228746764885727
0.00031823324388824403
0.0003437030791246798
0.00019569388859963513
5.897352184547345e-05
4.407550841278862e-05
0.00030144960783218266
0.0019181436455255605
0.00575077734538354
0.008608489064499736
0.011358111398294568
0.02883198426570743
0.06592309614643455
0.07967179641127586
0.0458218997810036
0.02770198741927743
0.248731484869495
0.5182328186929226
0.3706364501267672
0.09496468024735806
0.012068185635143893
0.0011362952936906368
0.0005493774906426553
4.846030549288117e-05
7.679478045474754e-06
2.5778203394111188e-06
1.3790098961408146e-05
4.60578310139681e-05
8.803247601463227e-05
0.00011629731852735858
0.0001070276975951856
6.517503652503365e-05
3.1120051517063985e-05
1.6333966414094903e-05
7.8198323194556e-06
3.3818925544437666e-06
2.0078604165973957e-06
1.480199173897745e-06
9.696538683101608e-07
7.025449662023675e-07
6.614144894001583e-07
8.497167982568499e-07
1.2672029754412506e-06
1.960655140464951e-06
2.9234416558665544e-06
3.810137229720567e-06
5.0999150289499084e-06
9.189747515847557e-06
1.931049644099403e-05
3.384058891242603e-05
4.596232156472979e-05
5.4304963668982964e-05
8.508855717082042e-05
0.00022784374959883277
0.0007043783152766991
0.0020133600482949987
0.005298203439451754
0.013070144108496606
0.023068842478096485
0.027539519127458334
0.046810527332127094
0.20771844917908308
0.5350514687597752
0.7291437536478043
0.5515279974788427
0.2102437342400663
0.028349032256755897
0.0009144879201912206
4.932247222200204e-06
1.387428749666242e-07
2.94113995380485e-08
1.0442241737962375e-07
3.013473204305228e-07
4.044321784135718e-07
3.02221749848286e-07
1.9106364845811186e-07
1.8104699250898193e-07
5.500755051457418e-07
5.227519245920575e-06
4.2998887465728324e-05
0.00021652922259818294
0.0004003020985692274
0.0003272153335274197
0.0001588265240570763
8.218791117542423e-05
3.152433478703643e-05
3.7219868431748186e-06
4.065724994006814e-06
1.2063354461133713e-05
2.3947753334141453e-05
3.0384069305000594e-05
2.4927497634052997e-05
1.7333843516098568e-05
1.6627686363790417e-05
2.131555083906278e-05
2.7477380172058474e-05
2.546827772675897e-05
1.5111499124031981e-05
1.1305383850412909e-05
1.4541323253070004e-05
1.4645400142399012e-05
1.1343118558215792e-05
9.295798463426763e-06
9.389661727254861e-06
1.1325264267725288e-05
1.4579648450308014e-05
1.638829644434736e-05
2.1024487523391144e-05
3.437578743614722e-05
5.1934652219642885e-05
7.451494002452819e-05
0.00011122276009700727
0.00023319356114370746
0.000454606310086092
0.0005900748074054718
0.0006346889131236821
0.0010491909051779658
0.0026873998140217736
0.004968313500285149
0.006113390787504613
0.007414472289383411
0.010107651120051742
0.010347541188821197
0.007171508623287083
0.006107997382059693
0.01064114342443645
0.020958415465429425
0.027335708495229483
0.025629550218582153
0.0564874717965722
0.15249765757471323
0.19410542491823435
0.10842818906530739
0.031195833464153114
0.010380767809692772
0.0023191983927972615
0.001444982597604394
0.0016749217174947262
0.001902718358905986
0.001803805644158274
0.001486775669036433
0.0009305602361564526
0.0004141398312640377
0.00023334789875661954
0.00022683128554490395
0.00021279229258652776
0.00015595517106703483
8.91283943929011e-05
4.049873291478434e-05
1.676950091678009e-05
9.077462209461373e-06
8.634400728624314e-06
1.0168040034841397e-05
1.11697186184756e-05
1.1980580211456981e-05
1.4306864386526286e-05
1.5189604255283484e-05
1.2821320524381008e-05
1.4138672668195795e-05
2.6438307941134553e-05
4.6233059492806206e-05
5.676521777786547e-05
4.519741196418181e-05
2.640054253788549e-05
2.343623145861784e-05
3.0911357043805765e-05
3.7387457268778235e-05
4.927190275338944e-05
7.018487303867005e-05
9.37625900405692e-05
0.00011034127965103835
0.0001091034628188936
9.533695083518978e-05
9.734555715112947e-05
0.00032693849061615765
0.002596547776192892
0.008660162595333531
0.015509983757510781
0.016608416568487883
0.013844334753230214
0.0149417445063591
0.017761270282790065
0.014382621389813721
0.006037266633938999
0.006953463423997163
0.10582022689050062
0.3461363264359534
0.4287384655326605
0.21678296988829973
0.039113828664994806
0.005161743756616489
0.0008602388697909191
0.0005610959633486345
0.00031261820549843833
0.00021944124455330893
0.00012695940313278697
6.615406164200976e-05
4.28701250712038e-05
2.94412739094696e-05
2.124652246493497e-05
1.4821551985733095e-05
1.1174927294632653e-05
8.935390837905288e-06
6.296625713275716e-06
4.137344376431429e-06
3.3998864523709926e-06
3.1105295192901394e-06
2.5155603395887738e-06
2.184306708841177e-06
2.7396919506372797e-06
3.855540001040936e-06
4.7785486572138325e-06
4.870982138527324e-06
5.087376507617591e-06
7.192417683654639e-06
9.510512882116018e-06
9.295744007431495e-06
8.403410447499482e-06
1.0689322493817599e-05
2.378780595790886e-05
0.00010736195872595998
0.0017172212792502248
0.023753203553496856
0.07714984507765621
0.11163208819925785
0.08680823817849159
0.04708309005945921
0.07398583926260471
0.2850492624565959
0.5977299064397812
0.6566024944186211
0.3912175376899541
0.11218146986357172
0.00789579089087056
0.00011813770822755035
6.728142011525052e-06
2.341711706321803e-06
2.52067457040539e-06
3.028626338164031e-06
2.4759039121136084e-06
1.0667437315703412e-06
2.3404344062782914e-07
1.71837960749599e-07
6.63668345168844e-07
2.4901882760275384e-06
1.2513449632933769e-05
6.195053401825135e-05
0.00023959261125128248
0.000543665617442457
0.0006072365904401522
0.0003253274808230345
0.0001200772967422381
7.196519254648592e-05
6.284561095526442e-05
0.00012783336751454044
0.00017975806622416712
0.0001289936853936524
6.108865545684239e-05
3.588431309253792e-05
2.645998438310926e-05
2.1617199081447325e-05
1.6680962517057196e-05
1.585655877534009e-05
1.91710958006297e-05
2.155796892111539e-05
2.813309720295365e-05
4.593877429215354e-05
5.613453504338395e-05
3.9427867932317895e-05
1.6310236219396756e-05
6.039131562829426e-06
5.5393342108800425e-06
9.434738444724644e-06
1.178038746729726e-05
1.0543887356107007e-05
9.89485874924867e-06
1.72972327163734e-05
4.239011877871235e-05
8.351782980753342e-05
0.00015769105812069029
0.0003508219524519518
0.0006059469596948475
0.0006259588553803042
0.0003736528578883736
0.0001499985246482538
9.820881496125367e-05
0.000192639081433299
0.0011541378153197002
0.006065090288757346
0.014345233677886426
0.03227352350950241
0.0625504283234477
0.07081446144729853
0.045605278573930264
0.026324373204261065
0.033298308961093426
0.07386041758581996
0.14037771988660097
0.165519455447793
0.13348399847745895
0.09860755782574415
0.06631918344646692
0.03433138318359852
0.013553785160183908
0.0032391562835982772
0.0005128731381773833
4.374181617095019e-05
2.761622363323113e-05
1.919333033129078e-05
1.0055981533696468e-05
5.370269775539782e-06
3.571440799987613e-06
3.080386647980049e-06
4.883075860107056e-06
6.821306556048512e-06
7.015299729573599e-06
7.543729907411034e-06
1.0127867540177249e-05
1.2765846349793719e-05
1.3362699064600747e-05
1.5546580243608332e-05
2.3357458758255234e-05
3.685378760565072e-05
4.5617434807354584e-05
3.76082307411707e-05
2.2574825152332778e-05
1.3392535720413434e-05
1.0598004791972926e-05
1.203925285153673e-05
1.3181690292185522e-05
1.1358622259649565e-05
9.291214382756152e-06
8.269641853075882e-06
7.439714408974396e-06
6.745526775375765e-06
6.131725399427523e-06
6.162642421259079e-06
8.11127267752454e-06
1.526419100628118e-05
2.610572778394271e-05
3.2066569929156685e-05
2.9885331059631426e-05
2.1958717979941866e-05
1.5452398201887263e-05
2.0197262301735464e-05
3.070511593250558e-05
4.42710497736698e-05
7.72026050981367e-05
0.00014042030852579046
0.0002463731034367811
0.0004050495881529059
0.0007512557931477204
0.0012350818724371493
0.0016051675484050065
0.0038322764157783236
0.011763135145884007
0.019061003578826785
0.01442934825900011
0.00444512173999101
0.00030622345184383454
5.8997665291826706e-05
5.110522761242464e-05
4.6900033339625224e-05
6.352021409838926e-05
9.60926472544088e-05
9.6968988145818e-05
0.00010036474304797594
0.00017350461530440953
0.0002878929990401957
0.0003504989144857973
0.0003955573993152939
0.0005291782290441915
0.0006193303561303765
0.00046089918578218203
0.00019116876592306656
5.744051122746897e-05
2.925753119598085e-05
1.4730422208231177e-05
1.5721055888207047e-05
3.070369439228671e-05
3.574915899662301e-05
1.9821913497253266e-05
8.453004966213484e-06
1.0467286642779072e-05
1.243790461558092e-05
1.0574587804512703e-05
9.67833079812408e-06
1.1412454796300153e-05
1.0385452412720042e-05
6.020355385771837e-06
5.476814010307862e-06
5.8169260114482306e-05
0.0008309007450861826
0.005205196226597764
0.02082437794888392
0.06714060786180198
0.10073177423328161
0.07363350037485361
0.03779299883171916
0.017418330127839
0.004154354381171288
0.0009247215114100984
4.515088903644938e-05
5.325686743162805e-06
6.421469834094751e-06
1.644072631279414e-05
3.3512439813421224e-05
0.00012884682018921012
0.00046178844604582986
0.0006925672205397859
0.0004386565706226975
0.00012923342637805035
4.7919048029143596e-05
2.8159526436866148e-05
1.5873422171353013e-05
1.2539939916678122e-05
3.719199889928859e-05
0.00017663188782535144
0.0008299032124341464
0.0015509820732404478
0.017257767322007563
0.11013350493158212
0.22953125648200512
0.21539199724793434
0.10207900276873262
0.025155999232083563
0.009318884112872183
0.012720458675175905
0.008255281136371195
0.003384978655958548
0.0013772597212664552
0.00018696854476729643
6.582639252883382e-05
0.00019331292878632667
0.00042829897211049683
0.000540258624823764
0.0003816239295701962
0.00016034409509302352
5.63450626032136e-05
2.2101334820945343e-05
7.31818113308691e-06
4.835425670535187e-06
5.640365998260677e-06
4.740610393128009e-06
2.7557126145438815e-06
1.6971790728348424e-06
2.23103955931947e-06
3.914349690603558e-06
6.994000500526454e-06
1.3235467008598789e-05
2.1254450530250324e-05
2.3437943582393927e-05
1.657724988035625e-05
8.69690120453015e-06
6.778784381822334e-06
9.798049177334178e-06
1.215883048644173e-05
1.1139895605083439e-05
1.0332304555049632e-05
1.2285383263588301e-05
1.479253455727303e-05
1.5149966429817141e-05
1.517569489806192e-05
1.7072224864023156e-05
2.1169408682908397e-05
3.2033532988862135e-05
4.985344276065007e-05
5.336643152986653e-05
3.2733410535001894e-05
1.591133286638069e-05
4.267052145223715e-05
0.0001493896820647933
0.0006212538610270713
0.0023931689356686547
0.0065207880397792906
0.009925223886966705
0.008907264447771013
0.00606900843558833
0.0037002350727561866
0.0023919917875900865
0.029589693207526576
0.19828760169912127
0.3898209948092699
0.30595508124679327
0.09556285291910173
0.011444785806816073
0.002657418721355498
0.0012008490739390254
0.0006252134116948582
0.0007599931705044582
0.001632854611671064
0.002433712361380458
0.0023403257073368877
0.0015263278619386256
0.0007772575045237318
0.0003766365261981264
0.00017162399126391392
6.514747474284377e-05
2.0479006366258545e-05
6.782376118508183e-06
2.1389498385815386e-06
1.1014247149887524e-06
9.750145153475387e-07
8.904464579018168e-07
8.211082445086504e-07
8.754842468761126e-07
1.1399910846421335e-06
1.46282468449499e-06
1.6393519217672292e-06
1.670522124186391e-06
1.645575110842401e-06
1.670207268489321e-06
1.6811786736070644e-06
1.4768081939564581e-06
1.1510637989431416e-06
1.1754314641621022e-06
2.0759079575327632e-06
4.639874561007673e-06
1.492221292664908e-05
8.019744996090594e-05
0.00044877655545860756
0.00219523680061684
0.010667146882042289
0.030532104545272887
0.04872507927939296
0.05129041709005833
0.0503577571362257
0.11482655815780161
0.34344050846993923
0.6179549247026443
0.6158465445041656
0.3305925438180566
0.08631710420013407
0.008706475714234331
0.0003668518627506501
3.069079209438997e-06
1.0761959323701832e-07
8.749159263743422e-08
1.1505018449042836e-07
1.0670739136742213e-07
8.141039664621985e-08
9.06782968712605e-08
2.3750187594373526e-07
5.693185372024345e-07
2.1473359055335095e-06
2.1909134204634025e-05
0.0001520784805961739
0.00047576175347785465
0.0006190728818182833
0.0003680181325762533
0.00014840391668258235
6.41291161400659e-05
9.692877284805947e-06
2.469972912422236e-06
7.051816766079354e-06
1.527985159555101e-05
1.6993398048725794e-05
1.324790105172724e-05
1.5344341818490648e-05
2.639881427057844e-05
3.552824637154117e-05
3.416863501115586e-05
3.1500372642767616e-05
3.553791111698956e-05
3.933716743631521e-05
3.470713363640243e-05
2.3379855065286392e-05
1.4756386462977389e-05
1.3311883321875939e-05
1.4017984767633607e-05
1.2398987564665731e-05
1.0041504083346808e-05
8.445264597867208e-06
7.634748726559337e-06
9.8656020099952e-06
1.560927466925932e-05
2.539119623179431e-05
3.8081579077697825e-05
4.447335140866926e-05
4.343790806160541e-05
4.591984088619938e-05
5.390629030443961e-05
5.305468130245572e-05
3.835544657704304e-05
2.6699276531871874e-05
2.4138290882547153e-05
3.211278817616403e-05
0.00011172819995408644
0.0009436197397008072
0.003871085151331499
0.00825541332596913
0.020980861270800233
0.033849227242171764
0.02533788490109146
0.010426902095787227
0.004692014743341133
0.0023215541732497513
0.0024495279358234257
0.0045124097960069776
0.01051769161131233
0.022110654856078327
0.05243240389972925
0.09225495252758265
0.09091919288039207
0.051253507612273104
0.018271332315634936
0.004214194425003371
0.0006491280901173014
8.743392709220645e-05
2.3185665440905726e-05
8.096939666302205e-06
3.545008326000243e-06
2.819885935423372e-06
3.2880079743335955e-06
3.852718919006293e-06
4.05838568440231e-06
4.63538589201562e-06
5.832476858813607e-06
8.091523341136053e-06
9.646209150560026e-06
9.163832601188915e-06
1.034091656038072e-05
1.3335588619156624e-05
1.4002101806909195e-05
1.1934888561881962e-05
1.4132908972896985e-05
2.2221503968467005e-05
2.4722680336708436e-05
1.9983071524620755e-05
1.6002132952053216e-05
1.3106430515108514e-05
1.324306390415586e-05
2.591870020296483e-05
5.539598851100891e-05
0.0001075201153071248
0.00017352069335174747
0.00020443338507902808
0.0001900546449178364
0.00018890437422669493
0.00032229889984591864
0.0016789771761978043
0.008066541369771585
0.017957067815586925
0.030294761061668396
0.1264415541663766
0.37712513096630573
0.6072206869721413
0.5441051460802555
0.25545369228348136
0.05406860052607954
0.005317687704518904
0.00020526117884855924
2.091231374379277e-05
4.765041069276776e-06
2.0839045475895546e-06
4.79092904015488e-07
5.820773374409783e-08
2.274952848324574e-08
6.462813750829355e-08
4.039244032583155e-07
1.6292831723774268e-06
4.800925864856254e-06
1.5154553921092882e-05
0.00016164534645213277
0.00043120887403347297
0.00047878962141112424
0.00031221722383634187
0.00018797371194523294
9.163696472569428e-05
2.1414292575627772e-05
1.0927184234788001e-05
5.978832285791213e-05
0.00015883237892921898
0.00021201453637331724
0.00018250464199809358
0.00013832919466949534
0.00010007538458012277
5.7824458053801216e-05
3.457870388956508e-05
4.0333266952075064e-05
6.605981980101205e-05
0.00010011998892878182
0.00011973992513958365
0.0001228361543326173
0.00015150627405091655
0.000213164028536994
0.0002574176905909553
0.00023975083240657113
0.0001668985660217004
0.00010103577187692281
0.00011107803402410354
0.00022123916824057233
0.0003276267307228409
0.0002927409404946957
0.00017046702305378858
0.00010678911894501653
0.0001229807185154641
0.00015086949679243844
0.00017428031787858345
0.000305277862935327
0.0005863334808964282
0.0007584764825878665
0.0006246931370696984
0.0003458035625953926
0.00024101655799313448
0.00042814109292521607
0.0013781104862573557
0.010152317539905196
0.04109031875850633
0.08084822073578835
0.08133188402280211
0.04070517665240914
0.009110242943279447
0.0024379270616918802
0.011969092185609041
0.03631523658987135
0.06583150662481785
0.07743844296783209
0.05582455638796091
0.024101812974549833
0.007545600354205818
0.0020043692602484957
0.00023168951611296512
3.491703682811931e-05
2.8897418815176934e-05
2.2445793547376525e-05
1.850339094744413e-05
1.655454570936854e-05
1.3948438663646812e-05
1.174890280708496e-05
9.223876077157911e-06
6.219137276275433e-06
5.033475531490694e-06
5.361681814974872e-06
4.882769871983328e-06
3.4456922435310844e-06
2.3164940330389072e-06
2.1364712097238225e-06
3.677943482216506e-06
7.439135515596718e-06
1.5580043736918014e-05
2.8896849016746273e-05
3.6321212519396795e-05
3.427030969760381e-05
3.35817462655541e-05
3.3779085242713336e-05
2.766302645795804e-05
1.5922997249617765e-05
7.073960546222225e-06
4.995080530534324e-06
5.757401936534734e-06
5.784966958799487e-06
4.311484701702284e-06
5.9089234696330095e-06
2.484319855966532e-05
7.257976130858879e-05
0.00016437998783658259
0.0004643634820240549
0.001463895670894999
0.00955671039992012
0.135791742708534
0.4578794240951538
0.714049443602562
0.6448694169521332
0.39250147715210915
0.18083098158240318
0.057444236648734666
0.008498975323163906
0.0008869110188243213
0.00017847066737886055
4.6040441702643875e-05
2.334115342250698e-05
5.950833198653528e-06
8.103520059421498e-07
2.0585005273687784e-06
1.1725949107699306e-05
2.5058901314878312e-05
4.960040951118572e-05
0.00016141766491273302
0.00028050114633515477
0.00021655132604792018
7.982772967807251e-05
3.328751108711003e-05
4.44625493400963e-05
0.00010028229235103936
0.0001801362286641961
0.00022252780763665214
0.000202393688596203
0.00013193400354793994
6.884629146952648e-05
4.5745030547550414e-05
5.3713953093392774e-05
7.617300798301585e-05
7.845340678613866e-05
5.691628120985115e-05
3.9165902308013756e-05
3.9067571378836874e-05
5.813336611026898e-05
8.440280362265185e-05
8.912361045076977e-05
7.835926226107404e-05
8.830618935462553e-05
0.00011793756857514381
0.00013756279076915234
0.00012813572539016604
0.00010766443665488623
0.00010375699093856383
0.00010156533789995592
9.252673771698028e-05
0.00010075526915898081
0.00012073922152922023
0.00015315001292037778
0.00028174497128929943
0.0007082339798216708
0.0014563846489181742
0.0018978766456712037
0.0015810982295079157
0.0010158559161936864
0.000679578835843131
0.0005403331451816484
0.0006120344914961606
0.0013552165473811328
0.00418124943098519
0.008371537376660854
0.009442820213735104
0.007070656050927937
0.005760270054452121
0.0066910338355228305
0.006928734132088721
0.005012041539885104
0.0029077417566441
0.0014621778682339939
0.0005463513007271104
0.000508250406710431
0.0010936351827695034
0.0013777779604424722
0.0007893101828813088
0.00023308168238145302
0.0001232479262398556
9.171367673843633e-05
5.59590885131911e-05
2.233341865576222e-05
1.1300178584860987e-05
8.163460051946458e-06
5.5531318139401264e-06
4.7640878619858995e-06
1.1719090935002896e-05
5.68132138596411e-05
0.000293691586193745
0.0009784963694983162
0.00326964036503341
0.00804774247808382
0.012349956203252077
0.011257262900471687
0.008246611803770065
0.008168835542164743
0.006660268816631287
0.007308021420612931
0.014628502016421407
0.019430143292993307
0.019373595248907804
0.015967983868904412
0.01450500194914639
0.03285348939243704
0.06020199740305543
0.05557493097148836
0.022805602522566918
0.0029828514198015914
0.00034655049239518126
0.00013754739848081954
0.00016513702939846553
0.0001649934747547377
0.00011955038462474478
7.444156744895736e-05
4.5561165734397946e-05
2.7696200959326234e-05
1.4011258315349552e-05
4.588225181123563e-06
1.904398857277556e-06
1.6775411495473236e-06
1.3802856528855045e-06
1.7444274931222026e-06
3.356869910930982e-06
4.761495802085847e-06
6.628327014368551e-06
2.1930828438598837e-05
6.797861828999885e-05
0.0001491875291321776
0.00028326497340458445
0.0004935983597533777
0.0005890140819246881
0.0003839944756691694
0.0001274131618629326
4.023140172648709e-05
3.343839398439741e-05
2.710853232201771e-05
1.57612112161587e-05
7.337255226502749e-06
3.5591093023867874e-06
2.167551258480671e-06
3.626707382409222e-06
1.061673629010329e-05
3.565050224096922e-05
0.00012999361388210673
0.0008410051104874582
0.019601534455432553
0.2635596612235531
0.6520806401968002
0.6045737359672785
0.2138010687194765
0.01703470462962287
0.0005998887427267618
0.00025626896240282804
0.00010351744094805328
4.1558088469173526e-05
4.0610667383589316e-05
5.8775015986611834e-05
7.208325223473366e-05
5.833727072968031e-05
3.280680084571941e-05
1.713055598884239e-05
1.1249657973166904e-05
7.4503993801045e-06
4.1394333720745635e-06
2.538563308007724e-06
3.054148123737832e-06
3.8907372754692915e-06
3.398045095082125e-06
1.9079982394032413e-06
1.0452851029185695e-06
1.1401843380554055e-06
1.6120699513066938e-06
2.425658180982282e-06
3.987135528404906e-06
5.652925608501391e-06
5.789889314655738e-06
5.0157990472143865e-06
5.766185950051295e-06
1.1980580666204332e-05
3.364824033269542e-05
5.505954322870821e-05
4.5968843096488854e-05
3.1134035452851094e-05
0.00015051533364385247
0.0012847340231019186
0.005809852475067601
0.016937206499278545
0.031149754766374826
0.03810166474431753
0.045597792603075504
0.11833419464528559
0.3590664826333523
0.6456224247813225
0.664301186800003
0.39172187354415655
0.11219862251891757
0.006342732253870055
8.791489582904434e-05
2.251906034089757e-06
1.6063881957961715e-07
2.0913309306536118e-07
4.7306515327250054e-07
5.610617606066626e-07
4.5934260128888127e-07
4.320251321132673e-07
3.58650179776987e-07
2.8730109136176907e-07
4.5010720484128797e-07
1.8924016416121956e-06
1.253334693274155e-05
8.341874149664362e-05
0.0002249987001050613
0.00025325387287011836
0.00013144334843673278
5.4991005526972e-05
2.9817999973147383e-05
6.619391285767052e-06
1.7496468274202928e-06
1.7236282587873575e-06
4.3602670700693125e-06
1.568148360320265e-05
4.803903402716969e-05
8.23095224404824e-05
8.329539559781551e-05
6.405445765267359e-05
4.698971679317765e-05
3.5179753012926085e-05
2.9511575576179894e-05
2.6316516141378088e-05
2.363731391596957e-05
1.998250195356377e-05
1.5132241287574288e-05
1.1361182941982406e-05
9.343559895569342e-06
9.202672799801803e-06
9.788384659259464e-06
9.786036798686837e-06
9.591169146005996e-06
9.586329724697862e-06
1.0459165423526429e-05
1.3677526112587657e-05
1.998591301344277e-05
2.6467965653864667e-05
3.004567361131194e-05
3.0926305953471456e-05
2.9603459097415907e-05
3.106355779891601e-05
4.7821631142141996e-05
6.265979118325049e-05
4.871927376370877e-05
6.838159151811851e-05
0.0007249470272654434
0.008913426325307228
0.026478843297809362
0.03272362472489476
0.020301276817917824
0.010419846745207906
0.009707678807899356
0.009062046185135841
0.006299639993812889
0.0073015616508200765
0.09274550079135223
0.256813979241997
0.2742229104042053
0.127530331723392
0.025102174287894744
0.0034072489361278717
0.0011298259923933074
0.0006313548128673575
0.00017212284092238408
4.05417113142903e-05
2.0604221390385646e-05
1.9564770354918437e-05
1.3232717719802169e-05
7.489365771107259e-06
7.670117042835045e-06
8.153732778737321e-06
8.644122885925754e-06
8.055482567215222e-06
5.288824524996016e-06
2.550865616512965e-06
1.3114184582718735e-06
9.711223611930109e-07
7.555308911832981e-07
4.800731758791699e-07
2.757625736649061e-07
2.104027601035341e-07
3.3652315778454067e-07
6.850853608852958e-07
1.0935687839719321e-06
1.7276503285756917e-06
3.337193078323253e-06
5.68349616969499e-06
6.800069172641088e-06
5.810343282064423e-06
7.2780711661835085e-06
4.886538931714312e-05
0.00044608498501474964
0.0024482943954353686
0.005975196196231991
0.008263921132311225
0.009705035015940666
0.024920610943809148
0.1636114711873233
0.4704842306673527
0.6828488558530807
0.5417740158736706
0.21439229755196723
0.030602252205426346
0.0016334883380295655
7.961557993496628e-05
4.790396936016351e-06
3.226579181614398e-07
1.933191313696625e-07
2.4486133654022524e-07
2.2345554029357118e-07
1.7016170161809896e-07
1.5795698615761466e-07
5.020133571065344e-07
4.947578268854612e-06
1.5494519999492695e-05
0.00011525797253852942
0.0005175449882699468
0.0009602654681657441
0.0008447703876299784
0.00042624612979125237
0.00020760829647770151
9.976211913453882e-05
2.9734360396105334e-05
2.512052196834702e-05
3.8286550079646986e-05
4.669125974032795e-05
4.535783409664873e-05
4.423259451868944e-05
4.797729525307659e-05
4.787615398527123e-05
5.529539703275077e-05
6.267371736612404e-05
5.746190163335996e-05
5.844144834554754e-05
5.9863386923098005e-05
4.4859492845716886e-05
2.4616146902189943e-05
1.283664312268229e-05
7.652269005120615e-06
5.138651545166795e-06
4.675600848713657e-06
5.197275413593161e-06
6.163116609059216e-06
7.820718792572734e-06
8.849466098581615e-06
7.81081178047316e-06
7.200870186352404e-06
9.651029017732071e-06
2.687122469069436e-05
7.705335178798123e-05
0.00014612683844461571
0.00027560080707189627
0.0005284092876536306
0.0023930836032377556
0.009163339505903423
0.01762384583707899
0.020249617286026478
0.0186737016774714
0.01436480542179197
0.006696396972984076
0.001633869942452293
0.0005915864458074793
0.00050828968960559
0.0008384838001802564
0.010030900506535543
0.18286836327752096
0.4573052003979683
0.4348520338535309
0.18574582622386518
0.0384846990054939
0.0040288985619554305
0.0005259018653305247
0.00022564622668141968
0.00010617429870762862
0.0001389357912557898
0.0002040369508904405
0.00029204309612396173
0.0003383831208338961
0.0002572999455878744
0.00012593135033966973
4.928865973852226e-05
2.3529640202468727e-05
1.722413821880764e-05
1.1921004443138372e-05
5.4977752483864614e-06
2.768968897726154e-06
2.3752080267058773e-06
1.765159197475441e-06
9.956792084153676e-07
5.142974544014578e-07
3.2060999899385934e-07
3.841695388473454e-07
6.015215276988783e-07
9.436964489850652e-07
1.395069759269063e-06
1.747408276742135e-06
2.0147564896433323e-06
2.3007108325145964e-06
2.2449527534718072e-06
1.7694205780571792e-06
1.2489512499769262e-06
8.338028010257403e-07
9.43509590456415e-07
4.8142805724182836e-06
6.50523297736072e-05
0.0004787945185853459
0.002259959244838683
0.011764738213969393
0.026474160025827587
0.03996851947158575
0.05183365661650896
0.054876819252967834
0.05666625499725342
0.0593262342736125
0.0557668125256896
0.046928242314606905
0.08003722131252289
0.17162005743011832
0.20537763833999634
0.14400677103549242
0.06805246602743864
0.02142496197484434
0.006100889702793211
0.0036364312400110066
0.0021309239673428237
0.001070869286195375
0.0004416488391143503
0.00013412195767159574
5.232328749116278e-05
3.217399125787779e-05
2.2641115947408252e-05
1.390364627695817e-05
9.136031508205633e-06
7.4369731919432525e-06
7.120451641640102e-06
8.387876505366876e-06
1.0264475349686109e-05
1.1307296745144413e-05
1.1336580882925773e-05
1.0261260513289017e-05
8.221799816965358e-06
5.733179875733185e-06
4.22888274442812e-06
4.668095641591208e-06
7.254809702317289e-06
2.13333355532086e-05
8.478960080537945e-05
0.000234237864788156
0.0003242480925109703
0.00022874286150909032
0.00013367808423936367
0.00022185368652571924
0.0005368269739847165
0.001284538499021437
0.0028652010660152882
0.005935782683081925
0.011569043388590217
0.0156779030803591
0.012592291692271829
0.006602252658922226
0.00597143464256078
0.043687585333827876
0.26603275747038424
0.6267119795084
0.7395496517419815
0.4843845330178738
0.16331259475555274
0.018769553078527682
0.0008085965532700359
2.7641175222470345e-05
3.8637673469565925e-06
3.1475165087613277e-06
2.7087023113381292e-06
2.415938240574178e-06
1.7620386287831027e-06
5.780789074094629e-07
9.536411837984815e-08
8.248633420748774e-08
5.691714832778417e-08
5.667590343705341e-07
2.7084251001951998e-06
5.768077130596794e-06
1.759008773660753e-05
0.00017818153833104586
0.0011108542876172578
0.0021033582306699827
0.0017236584099009635
0.0008505039659212343
0.00037427709412440896
0.00010308764157684892
1.298225618029392e-05
1.0085307593499238e-06
8.376148912248027e-07
1.0915575643366537e-06
1.8006839184181445e-06
3.5901144599392865e-06
5.90923980325897e-06
7.209028353827307e-06
8.45288889195217e-06
9.815534099288925e-06
9.428382554688142e-06
9.064380492418422e-06
9.433104651179747e-06
9.458717840971076e-06
9.273758905692375e-06
7.770020374664455e-06
5.628935241475119e-06
4.012605018033355e-06
2.647916403475392e-06
1.8022811332230049e-06
1.7428140495212574e-06
2.1925277451373404e-06
2.470120705311274e-06
2.4615852680653916e-06
2.754828244633245e-06
4.333200934070192e-06
7.605214307204733e-06
1.0797551567520713e-05
1.2211890407343162e-05
1.1239154446229804e-05
8.555315730518487e-06
8.078465953076375e-06
1.620255318357522e-05
4.514399620347831e-05
8.546917797502829e-05
0.00011008198271156289
9.965565914171748e-05
5.277876698528417e-05
1.5308748743336764e-05
7.262965891641214e-05
0.0008161877187831123
0.002971353598695714
0.004647689580451697
0.00402479711920023
0.004226322693284601
0.007230450981296599
0.008085162960924208
0.004453566682059318
0.0012102303044230214
0.00030552557836927013
0.00011530775555002039
0.0001767990270309383
0.0005052216965850675
0.0009095331479329616
0.001253780850674957
0.0016414034180343151
0.0017307770904153585
0.0012736972130369395
0.0006635476602241397
0.0003002021785505349
0.0001466522353439359
8.023551527003292e-05
6.73020003887359e-05
6.176407623570412e-05
0.0001053762298397487
0.00022277708194451407
0.00027121426683152094
0.0001705363902146928
5.83171370180935e-05
2.1027000457252143e-05
2.4925051775426255e-05
3.276199686297332e-05
3.3396178878319915e-05
4.738437701234943e-05
0.00011603354505496098
0.00028728420875268057
0.00042720984492916614
0.00033911016726051457
0.00014650694811280118
3.8758349546697e-05
9.686393582342134e-06
6.52970163628197e-06
6.317816087175743e-06
6.758184213140339e-06
1.3400872944657749e-05
2.8881391472168616e-05
4.4841681756224716e-05
5.74070854781894e-05
5.597240169663564e-05
3.3694198236844386e-05
1.374015357669123e-05
1.0101769476023037e-05
2.3995473043214588e-05
5.939062430115882e-05
9.154161853075493e-05
8.600134515290847e-05
4.957094427027187e-05
1.6380751503675132e-05
4.371856107354688e-06
6.075604005673085e-06
1.4548948456649669e-05
2.9687970481973025e-05
5.698696486433619e-05
0.0001310990874117124
0.000547813460798352
0.0015592199124512263
0.0026992020721081644
0.004230070975609124
0.009521833388134837
0.08239829901140182
0.31315077701583505
0.5589902549982071
0.5046123564243317
0.21370747615583244
0.031875127897365026
0.0016584746044827627
0.00036759824797627516
0.00020922869043715764
9.597972211849994e-05
3.073320885960129e-05
1.064682783180615e-05
1.1339821867295541e-05
2.8838607704528837e-05
6.70613821966981e-05
0.00010102666601596866
0.00010552071944402996
8.508784685545834e-05
5.63441171834711e-05
3.601730986702023e-05
2.3152781068347394e-05
1.0780568459267672e-05
3.322724012377876e-06
1.0908166103718031e-06
4.239095332536636e-07
2.1429272578643577e-07
1.4590666275182684e-07
1.1815510703172549e-07
1.211253373156751e-07
1.9436111031723158e-07
5.368644799830236e-07
1.1893418800923428e-06
2.0085280709736253e-06
3.7869368156862038e-06
6.514196797979821e-06
1.0218534498562803e-05
2.857595791283529e-05
0.00014444986072703614
0.001470554854677175
0.0070788359225844024
0.013091659871861339
0.011623756377957761
0.008311302168294787
0.020778402569703758
0.16218125680461523
0.45422877836972475
0.6158592700958252
0.46710507199168205
0.19215136161074045
0.03437446939642542
0.002712914201765671
0.00048190895782340714
1.5225893213788314e-05
2.222805637330794e-07
4.614983444284348e-07
2.664382936501397e-06
7.0344764822039e-06
1.1462554198260477e-05
2.056753373835818e-05
5.7422929103267954e-05
0.00011017860560968984
0.00010823870343301678
5.350561264094723e-05
2.252173499073251e-05
3.021756333509984e-05
5.756758037023246e-05
0.00017176673372887308
0.00026805645939020906
0.00017933540766534864
8.308307769766543e-05
6.198210940056015e-05
4.152559722570004e-05
6.0626867707469494e-05
9.196393421007087e-05
8.336131395481061e-05
5.827898985444335e-05
3.906880647264188e-05
3.069552303713863e-05
2.951086526081781e-05
3.3380326840415364e-05
6.287970199991832e-05
0.0001035560389937018
0.00010881383968808223
7.834454208932584e-05
4.4074904053559294e-05
2.2331642867357004e-05
1.365994489788136e-05
1.4614959582104348e-05
1.966303739209252e-05
2.422475927232881e-05
3.141558727293159e-05
4.382806037028786e-05
6.939614377188263e-05
9.50734356592875e-05
9.228093949786853e-05
7.553573414043058e-05
8.700770558789372e-05
0.00014438793368753977
0.00020594679517671466
0.00023177774710347876
0.0002552509249653667
0.0003135112565360032
0.0003169569608871825
0.0002382236307312269
0.00040863132016966114
0.0008140340614772867
0.0017524161376059053
0.0039038807153701782
0.007123494753614068
0.009989431127905846
0.08674004860222338
0.2685348254162818
0.31263118237257004
0.15165207069367173
0.04002419044263661
0.050559827592223876
0.10419108462519944
0.11886988580226898
0.09104459173977375
0.08095438405871391
0.06743480451405048
0.03456255525816232
0.010550360733759591
0.002144160818716046
0.00021922887390246618
5.1222905312897644e-05
1.8907893945652177e-05
7.983989576132444e-06
6.8825991093035555e-06
1.062935996287706e-05
1.5438904711118084e-05
2.1041538275312632e-05
2.5221633222827222e-05
2.358239817112917e-05
1.6556167111048126e-05
1.1574186601137626e-05
1.162462285719812e-05
1.4106233948041336e-05
1.766419222803961e-05
2.0126806248299545e-05
2.1674668460036628e-05
2.1334370558179216e-05
1.614481516298838e-05
9.597437156116939e-06
6.026994469721103e-06
5.887398629056406e-06
7.200640993687557e-06
6.957444725230744e-06
5.830428790432052e-06
5.592098204942886e-06
6.154007678560447e-06
1.4463741194958855e-05
5.477546142174105e-05
0.0001471290142944781
0.00025330521020805463
0.0003809152913163416
0.0009130513863055966
0.0024974787229439244
0.017024939123075455
0.15296653634868562
0.4785666083917022
0.7665702253580093
0.711615763604641
0.3731289831921459
0.09777547480189243
0.010811098612066418
0.0003195701448248656
1.0160036104878147e-05
2.1166181696230526e-07
7.536890045400924e-08
1.203353861001233e-07
1.5476748593812317e-07
1.30740808401697e-07
9.92802320354258e-08
1.330191068404929e-07
7.421359313752872e-07
4.942526068418829e-06
2.6540087276316623e-05
0.00016363084887416332
0.0005443956470116973
0.0008088804897852242
0.0006198153932928108
0.00033513392918393947
0.0001568355926337972
3.859836778019599e-05
3.3498116351893263e-06
1.5126023527045618e-06
3.3928747313893837e-06
4.826635290555714e-06
4.953546522301622e-06
4.838423933506419e-06
5.1561984264481e-06
6.0937103398828185e-06
7.404868370031181e-06
7.985817319422495e-06
6.368492506680923e-06
3.533105513042756e-06
2.1158888898753503e-06
2.173992044163242e-06
2.29714544275339e-06
2.5440496642659127e-06
3.2124060567184642e-06
4.576747073770093e-06
8.05245235824259e-06
1.2451355019038601e-05
1.3778383618046064e-05
1.1553867807378992e-05
8.229943432525033e-06
5.095491530937579e-06
2.810869659697346e-06
1.948368833382119e-06
1.9363601211352943e-06
1.7531619107558072e-06
1.7256118951536337e-06
3.142719350535117e-06
5.895964193314285e-06
7.0068981585791335e-06
6.022340244271618e-06
5.901895065107965e-06
9.936842957358749e-06
3.368079080701136e-05
0.00021583293482763108
0.0010943258112092735
0.003618048809585161
0.005869436543434858
0.004592698707710952
0.0017210701407748277
0.0003317368928037468
9.108659833145794e-05
0.00014377576280821813
0.0013727622790611347
0.025442312115046658
0.23111266759224233
0.5400144886225462
0.5114615857601166
0.2099187793210149
0.03464587935013697
0.004486935882596299
0.0022302037687040865
0.0019102462974842638
0.0023635574616491795
0.002556134946644306
0.001985649869311601
0.0010191529436269775
0.0004535763873718679
0.00023476453384319032
5.848514906858783e-05
2.6982394132346603e-06
1.0169193416231792e-06
1.5941871112090666e-06
1.8743378120689158e-06
1.9024045059268246e-06
3.2026289886744053e-06
5.169663040760497e-06
5.7117512142212945e-06
5.584510859080183e-06
5.753854566137306e-06
6.265225465540425e-06
6.08583434313914e-06
3.972520232764509e-06
1.9049120396630317e-06
1.1644911239727662e-06
1.0372045551321207e-06
1.1186683082087256e-06
1.251537327107144e-06
1.543690501648598e-06
2.0780055933755648e-06
2.6736374252323003e-06
3.197929800080601e-06
3.9744771243022115e-06
4.690108880822663e-06
4.775277830049163e-06
5.038343829255609e-06
5.806535796182288e-06
6.826480671406898e-06
9.0378149479875e-06
1.3109067594996304e-05
3.832766469713533e-05
0.0005606197764791431
0.009003169003335641
0.029483176302164793
0.0444703558459878
0.03861192613840103
0.03855311684310436
0.14800883643329144
0.43850853107869625
0.6601271033287048
0.5024760719388723
0.1749056332628243
0.01932878243042069
0.0006779128623861653
4.9863337849842546e-06
4.6909782724924304e-07
3.234625651771239e-07
7.051666557345015e-07
1.65696837939322e-06
3.962352081998688e-06
7.529163781327952e-06
9.920469665303244e-06
1.671751215326367e-05
6.084306255615956e-05
0.00023051636253512695
0.00041746328497538343
0.0003808908732025884
0.00027402843988966197
0.00022606368474953342
0.00011416249731155405
1.911131724341431e-05
2.536151896492811e-06
2.5147110420675745e-06
3.842327430447767e-06
9.423000506103563e-06
1.9417549310674076e-05
2.4253757146652788e-05
2.489552480255952e-05
3.742941635209718e-05
9.730570400279248e-05
0.0001853095254773507
0.00020346095698187128
0.00015624179650330916
0.00012713156684185378
0.00011831770643766504
9.841123574005906e-05
6.339933179333457e-05
3.0494970360450683e-05
1.557350287839654e-05
1.3388325442065252e-05
1.4126151882010163e-05
1.2540980151243275e-05
8.011247814465605e-06
4.682828716795484e-06
4.523138841250329e-06
8.37467780456791e-06
1.8548881712376897e-05
3.708599751917063e-05
4.948366949975025e-05
6.89963544573402e-05
0.0001495923424954526
0.00032673407258698717
0.0038329527960740957
0.03588565130485222
0.14432248729281127
0.2135741077363491
0.12012900077388623
0.01903425931959646
0.0005886892940907273
0.0002897474623750895
0.0003805388441833202
0.0007336041162488982
0.0019356654229341073
0.01381237947498448
0.15228742000181225
0.35386681091040373
0.3260786198079586
0.14147127326577902
0.03218740527518094
0.003378724213689566
0.0007299643402802759
0.0004306339396862313
0.0004974180847057141
0.0005060720795881934
0.0004161356555414386
0.0003443399182287976
0.0002769693855952937
0.00016358114407921676
6.639501816607662e-05
2.603858433758433e-05
1.2644289654417664e-05
6.064790284199262e-06
2.8529337043892156e-06
3.0946121114538983e-06
6.32775791586937e-06
8.81249343365198e-06
8.591420169068442e-06
7.2348917683484615e-06
6.270835115174123e-06
4.757517956477386e-06
2.7503820660967904e-06
1.5320788122608064e-06
9.823813513776258e-07
9.127504654315999e-07
1.4477077172614372e-06
1.8737666778179118e-06
1.4361460216605337e-06
7.785987889974422e-07
6.364773099676313e-07
8.322734714738544e-07
1.0664817722272346e-06
1.3861640866252856e-06
2.431444158901286e-06
5.01661870089265e-06
7.748969323984056e-06
8.540963335690321e-06
7.881084911787184e-06
6.944353458493424e-06
6.6133826521763694e-06
6.677730198134668e-06
6.071493089621072e-06
5.673182613463723e-06
6.132330668151553e-06
1.3524989867619295e-05
5.756996642958256e-05
0.00019995923776150448
0.0005288154825393576
0.0009897190029732883
0.0021728207648266107
0.007828915462596342
0.01437162677757442
0.012458376470021904
0.006496347778011114
0.0030323656392283738
0.001491954899393022
0.0017927790759131312
0.0021328466827981174
0.0012877819754066877
0.0004655557713704184
0.00020165233217994682
0.00016955691535258666
0.00022993066886556335
0.00047188784810714424
0.0010372877004556358
0.0014097275416133925
0.0009483397461735877
0.00031381078952108515
0.00015508868636970874
0.0001711470995360287
0.00014561806165147573
0.0001601364874659339
0.00021283187015797012
0.00026566597080091015
0.00043040552191087045
0.0007618758536409587
0.0008878361186361872
0.000578971674258355
0.0002402387526672101
9.408383539266653e-05
3.315470928555442e-05
1.0742734616542295e-05
4.320012806147133e-06
7.869621413192363e-06
2.887444878751921e-05
6.651737021456938e-05
9.200598105962854e-05
9.210720054397825e-05
9.023420716403052e-05
0.00010441233280289453
0.00011451944737927988
0.00010268208097841125
0.00011454676314315293
0.000435564759754925
0.0012532424698292743
0.001541846890177112
0.0007636206846655115
0.00012958875004187578
3.921179177268641e-05
3.4713157674559625e-05
2.5335248892588428e-05
1.2209712622279769e-05
8.743995067561627e-06
1.3469548775901785e-05
2.102142298099352e-05
2.153261516468774e-05
1.762402189342538e-05
2.0896980231555062e-05
2.908818714786321e-05
3.462234053586144e-05
4.594200527208159e-05
6.631066662521334e-05
9.031774607137777e-05
0.00010167348409595434
7.939658462419175e-05
5.3233066864777356e-05
4.528855424723588e-05
3.237072110096051e-05
1.4854040159661965e-05
1.0656599442881998e-05
2.346461985780479e-05
4.122879818169167e-05
4.7787727453396656e-05
4.885304952040315e-05
5.2446969675656874e-05
4.6815482164674904e-05
2.9865836040698927e-05
1.3791723745271158e-05
6.805826046729635e-06
5.917866701565799e-06
5.700001111108577e-06
6.955750109227665e-06
1.0446016517562384e-05
1.586695498190238e-05
1.9665731088025495e-05
1.650292415433796e-05
9.589368289653066e-06
4.89145253368406e-06
3.030435550499533e-06
2.6659688501240453e-06
4.923079075069836e-06
1.4701118345783469e-05
6.0689991187246044e-05
0.00041987221811723424
0.0022415595849452075
0.004966559150489047
0.004985991137800738
0.002244376737507992
0.00037317232659006555
2.4455438278891964e-05
7.298286277546141e-06
3.4657450100894498e-06
2.035730489069465e-06
2.35483901178668e-06
2.9303318171969295e-06
2.4542045480302477e-06
3.0239174861890206e-06
1.1076364955897589e-05
3.158290519422735e-05
5.1628736400743946e-05
5.587516807281645e-05
4.9683559154800605e-05
3.818071036221227e-05
2.1799512524012243e-05
8.300647635905989e-06
3.0798208854321274e-06
3.9338951580703e-06
6.035900184997445e-06
5.918595320508757e-06
4.388023853607592e-06
5.924538413637492e-06
1.6704594827388064e-05
3.725013630173635e-05
5.2634683925134595e-05
4.9636339099379256e-05
0.0
