1.0
0.3258973639458418
0.6974260061979294
0.6374225281178951
0.2660467171808705
0.046681472711497925
0.002580525848316029
0.006320184184005483
0.031829616375034675
0.058220341335982084
0.04611945291981101
0.024273269809782505
0.019116449635475874
0.010640312219038607
0.002010990424878401
0.000338978569743631
0.0006185084162098065
0.0035763645209954116
0.010137130971997976
0.03099741321057081
0.04946905979886651
0.03401742549613118
0.011324734776280822
0.003917625319445506
0.0014734313008375466
0.000759529837523587
0.0007837211596779525
0.0009454317623749375
0.0007763563844491728
0.0005140086577739567
0.0003377725643076701
0.00015954236368997957
5.684082861989737e-05
4.731266017188318e-05
6.394152114808094e-05
7.893647307355423e-05
7.47654403312481e-05
6.0054548157495447e-05
5.054831854067743e-05
5.2796705858781934e-05
5.6071584367600735e-05
5.344796045392286e-05
4.661914726966643e-05
3.2435249977424974e-05
2.9007839202677133e-05
4.5696383949689334e-05
7.147434644139139e-05
0.00011530039773788303
0.00015522157082159538
0.00013499332271749154
7.811751584085869e-05
5.275771582091693e-05
7.378123427770333e-05
0.00011245222412981093
0.00011913415073649958
8.74787183420267e-05
6.294534068729263e-05
6.893025783938356e-05
9.544508975523058e-05
0.00010150713751500007
6.608909552596742e-05
2.8371945290928128e-05
1.791576551113394e-05
3.369260934960039e-05
6.231586121430155e-05
8.085980880423449e-05
9.516062164038885e-05
0.00013901618876843713
0.0001702215195109602
0.00012634888935281197
6.513115749839926e-05
4.651776544051245e-05
6.0946345001866575e-05
7.373881089733914e-05
7.295150317077059e-05
8.258646539616166e-05
8.410859936702764e-05
8.580434041505214e-05
0.00011738517878256971
0.00012159552170487586
7.671785169804934e-05
4.1596839764679316e-05
3.309777002868941e-05
3.2065990126284305e-05
3.155729064019397e-05
3.134036705887411e-05
3.6910925700794905e-05
7.819337224646006e-05
0.0003517223767630639
0.0011910255598195363
0.0021581259788945317
0.0034709085011854768
0.015466218639630823
0.038482524221763015
0.07496178336441517
0.09744718670845032
0.062482571927830584
0.018224737170385197
0.006537475215736777
0.009559103316860273
0.010729551373515278
0.005037121241912247
0.0037408485659398134
0.029583291732706126
0.06543213687837124
0.05944633949548007
0.026706062490120534
0.007233473414089532
0.0020167241018498316
0.0009738874443883106
0.00012680406740628317
5.061554475105368e-06
1.8692212790938353e-05
7.824997430816438e-05
0.00012492097084759735
9.414655232831137e-05
5.927522943238728e-05
5.7499764807289466e-05
5.2951542784285266e-05
5.598331063083606e-05
7.875959545344813e-05
0.00010794712579809129
0.00014365497372637037
0.00016073626102297567
0.00012089308802387678
7.186300626926823e-05
5.486177178681828e-05
5.700615565729095e-05
8.862523645802867e-05
0.0001272836707357783
0.00012006547694909386
7.900920900283381e-05
5.345396675693337e-05
5.730665543524083e-05
6.302176734607201e-05
6.474519250332378e-05
0.00011422134048189037
0.0001987821942748269
0.0003355325825395994
0.000775963537307689
0.0013178953377064317
0.0019936608150601387
0.003758440027013421
0.0059485872043296695
0.006505137076601386
0.004596241749823093
0.0017717380724207035
0.0003317699774925132
0.00014540160918841138
0.00010595009280223167
4.441219130058017e-05
1.2881564089184394e-05
9.432892852601071e-06
8.738261385587975e-06
2.2232554442780383e-05
6.814502717134019e-05
0.0001488649704697309
0.00023251866150530986
0.00024702616792637855
0.00017172392290376592
9.947541911969893e-05
9.04205644474132e-05
0.00010229306280962192
8.612377496319823e-05
4.468800057111367e-05
1.5908056639091228e-05
1.2643364016184933e-05
3.514040031404875e-05
6.411513822968118e-05
5.754358244303148e-05
4.048009122925578e-05
7.21740198059706e-05
0.00014341279438667698
0.0001668386485107476
0.00011016301777999617
7.129837649699766e-05
0.00011852595253003528
0.0001532638561911881
9.385183511767538e-05
4.3068555896752514e-05
7.522590385633521e-05
0.00011930687651329208
0.0001133974928961834
8.541910938220099e-05
7.695590284129139e-05
0.00012611497550096828
0.00022144360264064744
0.0003826189713436179
0.0019700079428730533
0.010842179995961487
0.1005273931659758
0.2075387965887785
0.14967720536515117
0.03537104680435733
0.0024588469095760956
0.0007215194145828719
0.00013877652054361533
9.767411211214494e-05
0.0002468710245011607
0.003623145457822829
0.01240281417267397
0.023267508018761873
0.03570849122479558
0.040023112669587135
0.025967438006773595
0.009314208262367174
0.0023141651399782863
0.00043759658365161164
0.00010512224980629982
4.672787645176868e-05
1.876171063486254e-05
8.639902489449014e-06
7.2642568511582795e-06
6.739675882272422e-06
6.747269821971713e-06
8.33928811516671e-06
1.0915549410128733e-05
1.2803400295524625e-05
1.2041560239595128e-05
8.361200627859944e-06
4.2274734823877225e-06
1.8359388036515158e-06
9.544121439830633e-07
6.871422897347657e-07
6.628712867495778e-07
7.742720811165782e-07
1.1501827543725085e-06
1.853504130622241e-06
2.3615653503838985e-06
2.503098244233115e-06
2.5902086804308055e-06
2.5844217930171e-06
2.6306910285711638e-06
3.1537827567262866e-06
4.038818303797598e-06
4.276013726212113e-06
3.6762660329259234e-06
3.5120708048452798e-06
4.718165314443468e-06
7.004374651842227e-06
9.096812505049456e-06
9.791579259399441e-06
9.85737233349937e-06
1.3179849474909133e-05
2.895005422942631e-05
4.996549751012935e-05
4.9555952045921003e-05
3.246609958296176e-05
2.3933904685691232e-05
2.546566111050197e-05
2.805744634315488e-05
2.5832576739048818e-05
1.7602399907445943e-05
8.958032537975669e-06
4.0268707834911766e-06
2.121374848229607e-06
2.3757377221045317e-06
3.885564524352958e-06
4.555783448267903e-06
3.588891331673949e-06
2.152938918698055e-06
1.3305700008459098e-06
1.235791103226802e-06
1.4554225344909355e-06
1.4557868439624144e-06
1.0409653157239518e-06
6.390708477965745e-07
5.928207968963761e-07
8.194398191108121e-07
1.058560044953083e-06
1.0272665917909762e-06
9.178673678889027e-07
1.3542003785005363e-06
3.5123211432619424e-06
1.0181036088852125e-05
2.5331389906568802e-05
3.592603934521321e-05
2.80039239441976e-05
1.6898836292966735e-05
1.3572757325164275e-05
1.3987519196234643e-05
1.3767970813205466e-05
1.3245279660623055e-05
1.8450707557349233e-05
2.3630066607438494e-05
2.1953491796011804e-05
2.1982688394928118e-05
3.670363867058768e-05
0.00010527952599659328
0.0009014926108648068
0.0034852626849897206
0.005456302722450346
0.004857484600506723
0.019479549431707707
0.14318992604967207
0.44231236539781094
0.6479734852910042
0.4746359754353762
0.1638890497852117
0.022660866972728403
0.002016797867327114
6.371109975589206e-05
2.4431601843843968e-05
7.975150509764719e-06
1.5598023992424716e-06
1.5732684630620497e-06
3.4072883181579527e-06
1.3170000897844146e-05
3.7136026094231056e-05
7.746209394099424e-05
0.00010069681229651906
6.901471306264284e-05
3.3445457120251376e-05
2.5503694473627547e-05
1.3608559129352217e-05
3.130765946934844e-06
4.059518346366531e-06
8.309645579629432e-06
1.1553015838217107e-05
1.1785457445512293e-05
1.1201440202057711e-05
1.228382848239562e-05
1.2091142934878008e-05
8.893281574273715e-06
5.548558874579612e-06
3.572582670585689e-06
4.808884227713861e-06
2.685236808019908e-05
0.00015933718805172248
0.0024019358243094753
0.050682429704465896
0.30554937245324254
0.6742259077727795
0.6565418392419815
0.2768008410930634
0.04246985143981875
0.006510776525828988
0.0020109392498852685
0.0011904828425031155
0.001956682375748642
0.005750633077695966
0.010894112987443805
0.014101048931479454
0.012705552915576845
0.0058933024083671634
0.000783889949161676
3.759489254662185e-05
2.072472341296816e-05
8.576065397392085e-06
4.6656152790092165e-06
6.593733928639267e-06
1.9168746007380832e-05
4.656818919102079e-05
7.538436693721451e-05
7.841779279260663e-05
5.1795618219330215e-05
2.861432722056634e-05
2.2059823777453857e-05
1.4726355004768267e-05
5.252049959381112e-06
2.693330941383465e-06
1.765932427133521e-05
0.0001977519340243816
0.001351791673187108
0.016702004562830552
0.04445974272675812
0.05221709422767162
0.03824969381093979
0.02570729050785303
0.026400907896459103
0.04957990348339081
0.08444359246641397
0.09116876125335693
0.0551734296604991
0.016027626094000883
0.0015964102003636074
0.00015116775466594845
0.0002274831804243149
0.0007221879095595796
0.0016969106218311936
0.0021014078229200095
0.0012784082355210558
0.0004257326800143347
0.00015739807713543996
9.847074761637487e-05
9.77477084234124e-05
9.429126293980516e-05
7.791230473230826e-05
5.4068085773906205e-05
3.278325493738521e-05
2.108588023475022e-05
2.8604001272469756e-05
7.972516095833271e-05
0.0002549472119426355
0.0006554609535669442
0.002399152086582035
0.011178905435372144
0.0626517190830782
0.21285390900447965
0.3629715330898762
0.347322478890419
0.24109700694680214
0.186227198690176
0.16668913885951042
0.1170530766248703
0.04815715725999326
0.011077681818278508
0.002724387377384119
0.0007207675953395666
0.0003190858587913681
0.00019109962158836424
0.00013638046584674157
0.00010706737339205574
9.20279144338565e-05
7.561865459138062e-05
4.6016859869268956e-05
5.962799787084804e-05
0.00020462712791413648
0.0005348275044525508
0.000856201964779757
0.0008303234353661537
0.0005043992205173708
0.00022680991969536993
0.00013591380411526188
0.0001312745407631155
0.0001546080457046628
0.00024547118300688453
0.0005692739578080364
0.001403410053171683
0.002088675828417763
0.0016362370661227033
0.0007055452988424805
0.00026448927019373514
0.00026348849132773466
0.0010816956892085727
0.006370851537212729
0.02056928223464638
0.030284489504992962
0.03321011830121279
0.07485605776309967
0.24088491965085265
0.5374675467610359
0.6724695488810539
0.43764656689018017
0.13108692258538215
0.012734850404740431
0.00030016422897460876
0.0002937781700893538
0.001104413291614037
0.0020631450606742874
0.0019304156012367457
0.0012645195674849674
0.0008083603388513438
0.0004099356865481241
0.0001418855863448698
3.65966806157303e-05
6.78654454588923e-06
7.723721680008567e-07
5.985013160625385e-07
1.3605523108140005e-06
4.682000479760973e-06
1.5016515249044458e-05
4.5378387312666746e-05
0.00017422491146135144
0.0004197053058305755
0.000523931063071359
0.0003669358920888044
0.0001856140988820698
9.420178776053945e-05
5.173784575163154e-05
6.74441462251707e-05
0.000147540628859133
0.0002001233551709447
0.00015618694669683464
0.00010024282528320327
0.0001072147824743297
0.00017598487465875223
0.00037688053998863325
0.0009695991248008794
0.0038901075313333418
0.01059836836066097
0.014314821688458323
0.010625245631672442
0.020151498494669795
0.0693363311002031
0.12474096193909645
0.11531326454132795
0.05641492945142091
0.017348630470223725
0.006796399829909206
0.004713549977168441
0.0036920763086527586
0.0017095813236664983
0.0005789302376797423
0.00047371773689519614
0.00041121441608993337
0.0002534382729209028
0.0001346613016721676
5.741061863773212e-05
1.2288029324736273e-05
5.123698770148621e-06
3.4570455227367347e-06
1.766353500443074e-05
0.00048217383698556654
0.002755278384029225
0.0048832733009476215
0.003644961077952758
0.001544565020594746
0.001170932489912957
0.001858738251030445
0.0033067964541260153
0.014905295625794677
0.09528842417057602
0.37451136484742165
0.7095498740673065
0.6464975625276566
0.26794315781444317
0.04586760957317893
0.007283557584742086
0.0007508884009439498
0.00046159503835951915
0.0001779717749741394
0.00011499515676405281
0.00024630710322526284
0.0005119304405525327
0.0005378616515372414
0.0002678497171473282
6.276689896367316e-05
1.7890860135594266e-05
1.3413672604656313e-05
1.2489116670622025e-05
1.0206772572018963e-05
7.334074325626716e-06
4.9987462489298196e-06
4.399757926876191e-06
1.0494109801584273e-05
4.239269310346572e-05
0.00015793487318660482
0.0002953187740786234
0.0002583127934485674
0.00010014002941716173
1.7715059584588744e-05
7.38035851099994e-06
7.380840088444529e-06
1.2652969644477707e-05
2.2520360744238133e-05
3.5620981179818045e-05
5.583049278357066e-05
6.436395415221341e-05
4.282590089133009e-05
1.88855653959763e-05
9.909042660183331e-06
6.3679376580694225e-06
5.936718366683635e-06
1.1252949207118945e-05
3.175595406901266e-05
7.734218661425984e-05
0.00016595883971604053
0.0004027397408208344
0.0012097356884623878
0.004797503104782663
0.016813097812701017
0.029304684605449438
0.02493395679630339
0.012677620165050031
0.009946477133780718
0.011891696602106094
0.013898690463975072
0.024013048969209194
0.03349428437650204
0.02731314324773848
0.015017024939879777
0.006879578009829857
0.004404258477734402
0.01152462222671602
0.0302297524176538
0.06266641337424517
0.12803366780281067
0.1689752098172903
0.11071751452982427
0.035348211182281375
0.00829591159708798
0.0015056171978358181
0.00022787644684285627
5.279852075545933e-05
2.9505172733479412e-05
1.9195684672013158e-05
1.6893835436349036e-05
2.1821824702783488e-05
3.8229274650802836e-05
6.0384769312804565e-05
5.6175736972363666e-05
2.591364818727016e-05
5.748323928855826e-06
2.7221991558690206e-06
5.901826398257981e-06
1.2168582657068328e-05
2.4612529614387313e-05
5.782017888122937e-05
0.00023950532522576393
0.0007420647598337382
0.00147345254663378
0.002512964652851224
0.004376429540570825
0.005443419038783759
0.003957599546993151
0.006148240063339471
0.036729479470523074
0.25686868419870734
0.6545517724007368
0.7662535458803177
0.4456767356023193
0.11368429279536943
0.005115171516081319
0.0006471215892815962
0.00044582092232303694
0.00035402786488702986
0.00014874222688376906
2.6643388991942633e-05
1.3373809451877605e-05
1.4509907487081364e-05
2.1731675587943755e-05
3.125367766187992e-05
5.9795659581141074e-05
0.00012182044883957133
0.0001595125941094011
0.00014033391562406905
0.0001722278720990289
0.000411222230468411
0.0021661482824129052
0.011978604277828707
0.04444168647751212
0.14584942627698183
0.3506075404584408
0.5468077808618546
0.5033614113926888
0.24091522395610812
0.04936072915734258
0.0042533092296253025
0.00016977920017779982
3.781617039066987e-06
1.1400514878801005e-06
5.266088347610776e-07
2.0390610089293662e-07
1.7505928973093887e-07
8.704898277756e-07
4.495613566746215e-06
4.78095104199383e-05
0.00011183191418240312
0.0001348876321571879
0.00011710429771483177
6.167926449052175e-05
1.4972235931054458e-05
4.934734903372373e-06
2.3559268811368383e-06
1.4693488594730297e-06
3.4766489420690046e-06
8.34065178878518e-06
1.4431969248107634e-05
1.9796592596321716e-05
1.9751614445340238e-05
1.4149175058264518e-05
8.734141488275782e-06
4.846595572871593e-06
3.153341594952508e-06
1.4018165927609514e-05
0.0002915729169217229
0.009256085038941817
0.07193985019694082
0.23503281455487013
0.43085339665412903
0.4872545823454857
0.3470088765025139
0.15167242591269314
0.035449633680400446
0.0030475806852336977
0.0013670805128640495
0.0008723076825845056
0.000475401000585407
0.0005256773802102543
0.0006216357942321338
0.000583403481869027
0.00037980551860528067
0.00019738349874387495
0.00010900616507569794
6.873558413644787e-05
4.291826326152659e-05
2.4049747253229725e-05
1.3143682508598431e-05
9.400573162565706e-06
9.758183750818716e-06
1.0877575277845608e-05
1.0420530998089816e-05
9.819878641792457e-06
1.4854446135359467e-05
2.6533236905379454e-05
3.6202117371431086e-05
3.5283305351185845e-05
2.8732535611197818e-05
2.9363854537223233e-05
3.2625138373987284e-05
2.34566247740986e-05
9.420437777407644e-06
5.11403974883251e-05
0.0017052935513675036
0.039124343133153154
0.23855236079543826
0.5329885482788086
0.6217509061098099
0.5061184838414192
0.3775547370314598
0.25952837988734245
0.13825922552496195
0.05264322087168694
0.015709362807683647
0.003542160229699221
0.0005469650368468139
0.00011486928451631685
4.876510320173111e-05
2.8802283054574218e-05
1.1745711503863278e-05
1.966952588361437e-06
4.814279037645974e-07
1.976841801365481e-07
3.002802060336762e-07
7.322380213281576e-07
1.9173656795601346e-06
4.030578452329792e-06
5.684505822500796e-06
5.146865589722438e-06
3.2620474712530267e-06
2.1471933564498613e-06
2.4139455945260124e-06
3.2516775831936684e-06
3.861877644339984e-06
4.303946241179801e-06
4.268894315373473e-06
3.5324957252669265e-06
3.1337344239545928e-06
3.487119897727098e-06
3.5979209087599884e-06
3.12894735543523e-06
3.450080384936882e-06
8.515677677678468e-06
1.9263222270637925e-05
2.8465093237173278e-05
3.078039662796073e-05
2.5296734065705095e-05
1.5305065289794584e-05
9.497814517089864e-06
9.678414926383994e-06
1.0968312608383712e-05
1.123353763432533e-05
9.350702043775527e-06
5.4102216040519124e-06
2.7521796255314257e-06
2.319915495263558e-06
2.3706396632405813e-06
2.553593844822899e-06
2.8002809244753735e-06
2.6184482635471795e-06
2.014594542742998e-06
1.4038177198472113e-06
1.0950911928375717e-06
1.1163925250912143e-06
1.238737638686871e-06
1.4403209434021846e-06
2.1679031192434195e-06
3.41636339840079e-06
4.864392394665629e-06
6.657059884673799e-06
7.546531833213521e-06
8.096342753560748e-06
1.0223851631963043e-05
1.1465093621154665e-05
1.0428413133922732e-05
9.304039849666879e-06
8.317738547702902e-06
6.5071003518824e-06
5.974690566290519e-06
8.605874427303206e-06
1.1667688568195445e-05
1.1685449180731666e-05
8.736880317883333e-06
6.518159466395446e-06
1.0197500387221226e-05
2.051574654160504e-05
2.8519411898741964e-05
2.643873222041293e-05
2.1504496999114053e-05
3.857154524666839e-05
0.0002461997423779394
0.0015751742575957903
0.004483958866330795
0.005429398996056989
0.0027261379727860917
0.0006657276389887556
0.0016627919540042055
0.027789012980065305
0.09324965975247324
0.12256673816591501
0.09644650854170322
0.12045029830187559
0.264130674302578
0.46062616258859634
0.4464531559497118
0.1992740684654564
0.032450062193674974
0.0037404962495202207
0.0005618645882350393
0.0005287896055961028
0.0010582481409073807
0.0018104901682818308
0.0015772662591189146
0.0008112027935567313
0.00035711858072318137
0.00015585030996589921
9.255227269022726e-05
0.0001019907467707526
0.0001177165686385706
0.00012262969175935723
0.00015646138490410522
0.00018273777459398843
0.0001301161028095521
6.04225906499778e-05
4.383599844004493e-05
0.00010194049627898494
0.0003835000170511193
0.000706524198903935
0.0013736446271650493
0.021834000144735907
0.2285693805897608
0.619215352460742
0.7354430332779884
0.43093969998881226
0.11439065934973772
0.007873147416376016
0.0004932307247145219
1.1880621173077088e-05
7.642727496204316e-06
5.2767106808460085e-06
2.887575078602822e-06
1.2849173600670838e-06
9.963131901713496e-07
3.323351180029021e-06
1.710344477601211e-05
4.602095691552677e-05
7.635159454366658e-05
7.801630363246659e-05
5.291724664857612e-05
3.8214362120925216e-05
2.9490568522305693e-05
1.6886187268028152e-05
1.0364173249399755e-05
7.674083917663665e-06
6.206736998137785e-06
5.043604744514596e-06
3.1507683502240984e-06
1.4766893201567655e-06
9.835542869041092e-07
1.332369166107128e-06
2.1005481869451614e-06
3.4011994216598396e-06
5.715577799492166e-06
9.860105933512386e-06
1.7363764527544845e-05
2.4396289518335834e-05
2.1832663151144516e-05
1.1817476661235561e-05
5.586230599874398e-06
4.739078121929197e-06
4.767939685734746e-06
3.86485675107906e-06
2.640110210450075e-06
2.378634235356003e-06
3.6776135630134377e-06
6.0120724469925335e-06
6.816584459556907e-06
6.013273605276481e-06
8.311006695294054e-06
1.3589172795036575e-05
1.4393926448974526e-05
1.014155952816509e-05
8.174066124411183e-06
9.022092967825301e-06
7.789023470650136e-06
4.6963210706962855e-06
2.6054428019506304e-06
1.6459150913306075e-06
1.2654584793381218e-06
1.4298261135081702e-06
1.9757876827952714e-06
3.637425635361069e-06
8.520614642293367e-06
2.67481092350863e-05
7.425188914567116e-05
0.0002018830582528608
0.0006155380069685634
0.0013416147121461108
0.0019137116032652557
0.0018232334987260401
0.001091119775082916
0.00035798796034214325
5.780299019875202e-05
7.558130334928139e-06
8.907825019832672e-07
1.8564666106613002e-06
1.8779957486003692e-05
0.00018483306246253048
0.0011085729292972246
0.006322270652162842
0.014996106969192624
0.02723667584359646
0.061258604284375906
0.14798115752637386
0.21407103538513184
0.15473493747413158
0.05525596044026316
0.012140880236984232
0.0022248079330893238
0.000523992654052563
0.00032028833811637014
0.00017260247932426867
7.000305595283862e-05
6.31284610790317e-05
8.276133303297684e-05
9.827407484408468e-05
0.00011565671411517542
0.00017643666069488972
0.0008149175209837266
0.004696281692304183
0.013856931880582124
0.025583512615412474
0.03173882840201259
0.028479815926402807
0.05192477628588676
0.17906399583444
0.4496488906443119
0.6532566845417023
0.4886144902557135
0.15493062860332432
0.012745911335514394
0.0034947571402881303
0.000581537293328438
0.00046631461918877903
0.00018962831381941217
4.4843723117082845e-05
4.145127422816586e-05
0.0001004280284178094
0.00016258197865681723
0.00015392013301607221
0.00011320725570840295
7.500353785871994e-05
3.9861490222392604e-05
1.7805544530347106e-05
8.85201711753325e-06
1.3036165682933643e-05
2.9137163664927357e-05
5.448182128020562e-05
0.00010782233857753454
0.00031527431747235823
0.002777547946607228
0.024488074166583825
0.10029752179980278
0.21630818024277687
0.27445003390312195
0.20430503692477942
0.08196912985295059
0.01905017893295735
0.0068389041698537776
0.0035635686945170164
0.0030731966253370047
0.0022937787580303848
0.0014657357824034989
0.0011979460541624576
0.003728759766090661
0.007243066531373188
0.006031360360793769
0.003985798801295459
0.0034647170396056026
0.0014701177387905775
7.998651562957093e-05
4.6403607939282665e-05
2.7509615847520763e-05
1.924069101733039e-05
1.7461193010603893e-05
1.522416778243496e-05
1.3652839015776408e-05
1.3945597174824798e-05
1.518928911536932e-05
1.7333515870632255e-05
1.716320616651501e-05
1.1753043281714781e-05
5.2304585551610225e-06
3.1123170174396364e-06
4.738225925393635e-06
6.638171726081055e-06
7.127998856049089e-06
6.7562671119958395e-06
6.079275863157818e-06
4.985168516213889e-06
3.935482482120278e-06
3.151508792598179e-06
2.4204277906392235e-06
1.7510956240585074e-06
1.5652627212148218e-06
2.1900030446886376e-06
3.657676586499292e-06
6.824183856224408e-06
1.3127994407113874e-05
2.4457473273287178e-05
3.41518320965406e-05
3.030212701560231e-05
1.805593365133973e-05
9.722530762701354e-06
6.4673433826101245e-06
5.227400833973661e-06
4.724100904240913e-06
4.7461121539527085e-06
5.076729507891287e-06
6.345095130200207e-06
1.0169052757191821e-05
1.4488670331047615e-05
1.4543244105880149e-05
1.0387026236458041e-05
6.168711138343497e-06
4.04154610578189e-06
3.113288300937711e-06
2.4417637405349524e-06
2.080269553061953e-06
2.433834708881477e-06
3.6575571584762656e-06
4.4152549776299566e-06
4.147776166973927e-06
4.286004866571602e-06
5.694189781024761e-06
9.264853702006803e-06
1.4313610790850362e-05
1.5353829212472192e-05
9.814944974095852e-06
3.823894587640098e-06
1.8857915620174026e-06
2.2845878788757545e-06
2.7036260235036025e-06
2.3605387582392723e-06
1.994407853089797e-06
2.456279332818667e-06
3.671629883683636e-06
5.411438678493141e-06
7.0278815655910876e-06
7.546019787696423e-06
7.228422305161075e-06
6.297371669461427e-06
4.825571977562504e-06
3.9915898923936766e-06
4.001991214863665e-06
4.429409159456554e-06
5.3596414772982826e-06
6.002295322105056e-06
5.516362989510526e-06
4.5496292386815185e-06
3.8118919860608003e-06
2.9402772270259447e-06
1.8449040339874048e-06
1.1498433991619095e-06
9.298501026933081e-07
9.132891136687249e-07
1.1006418105807825e-06
1.2913232012579101e-06
1.3456842395953572e-06
1.3450134304093808e-06
1.2568126237511024e-06
1.1217425424092653e-06
1.06149394696331e-06
1.138047082349658e-06
1.4339340452806937e-06
2.3174373495749023e-06
4.182268185104476e-06
6.238093874344486e-06
7.021072974566778e-06
6.1190487485873746e-06
4.570849057472515e-06
3.991712901552091e-06
4.5248650053508754e-06
5.421420155471424e-06
5.547342880163342e-06
3.9508291536094475e-06
2.602894085157459e-06
5.9606648790122554e-06
3.022811654318502e-05
0.0001596718229848193
0.0008990498154162195
0.0051234941856819205
0.010387307964265347
0.00873690567095764
0.003328421764308587
0.0013565709523390979
0.0034671291650738563
0.011719137663021684
0.024720035726204515
0.032179057598114014
0.029097077436745167
0.02295114239677787
0.027669320814311504
0.08590539544820786
0.20111935958266258
0.22391432244330645
0.10711900680325927
0.01656023768737214
0.0008341642369487092
0.00012515765411080793
0.00012638155203603674
0.00010026276140706614
7.169593845901545e-05
6.734800626873039e-05
6.933787699381355e-05
7.454743899870664e-05
8.221465031965636e-05
7.237550653371727e-05
4.1504339378661825e-05
2.0351535567897372e-05
2.0336677380328183e-05
2.5237664431188023e-05
2.3461478576791706e-05
1.7379352584612207e-05
1.5461406292160973e-05
1.754010531840322e-05
1.80150345840957e-05
1.8824627204594435e-05
3.1871489682089305e-05
5.613864595943596e-05
7.585452840430662e-05
7.855953299440444e-05
6.468105675594416e-05
4.929445822199341e-05
4.00009703298565e-05
5.0384831411065534e-05
0.00011285048276477028
0.00024828801724652294
0.00036346179331303574
0.00032329605892300606
0.00019089093075308483
9.569709254719783e-05
4.636347921405104e-05
2.060931683445233e-05
1.0279112984790117e-05
6.806752139709715e-06
6.21086132923665e-06
6.796386060159421e-06
6.416780820472923e-06
4.522330527834129e-06
2.9520599582610885e-06
2.222464786427736e-06
1.7317691174412175e-06
1.6598326055827783e-06
3.8478513317841134e-06
2.6016515391802383e-05
0.00024210269975810658
0.0009243180757039226
0.0022309785563265905
0.005138755484949797
0.012171461945399642
0.02476642234250903
0.032037788070738316
0.02278316975571215
0.008847820572555065
0.002560680586611852
0.0008377207886951511
0.00021488737274921735
6.504250268335454e-05
3.8665689771733014e-05
4.013112538814312e-05
0.00012604767698576325
0.0003521437793096993
0.0006518469017464668
0.0008608991920482367
0.0012155919830547646
0.004047119524329901
0.019873535144142807
0.050869132624939084
0.06224405439570546
0.03771489509381354
0.013178054010495545
0.005175804020836949
0.0026393315638415515
0.0013308255729498342
0.0006717682917951606
0.00033444178552599624
0.0001487264544266509
7.258948244270869e-05
5.522211540665012e-05
5.425943527370691e-05
0.00018894687309511934
0.0012762832920998333
0.007352840766543522
0.02844556712079793
0.07564561069011688
0.12926281057298183
0.12668256554752588
0.06866000918671489
0.024796928162686527
0.007775976904667916
0.0008935923378885492
0.0001265393184439745
6.43574367131805e-05
0.00013430608305498026
0.0001629848720767768
0.0001044493519657408
3.242661523472635e-05
4.054207849435443e-06
1.3962702780645486e-06
3.809336291737963e-06
1.0097187043811573e-05
1.3040220892435173e-05
9.510946711088764e-06
6.725920002281782e-06
9.315469469584059e-06
2.1607895632769214e-05
6.50105471322604e-05
0.0001527327613075613
0.00030024391890037805
0.0005988400007481687
0.0009442759619560093
0.0009693690080894157
0.000872602715389803
0.001168899514595978
0.0015602424391545355
0.0023051396128721535
0.010531709616770966
0.042922900058329105
0.1031360263004899
0.1255342597141862
0.07844594586640596
0.07314922008663416
0.14952836092561483
0.19284797087311745
0.13810576172545552
0.05060438811779023
0.007150743913371118
0.0005197581413085572
0.0002350187878619181
0.00012876797973149223
6.343623135762755e-05
3.331274569973175e-05
1.5833161512546212e-05
5.1124884237196974e-06
1.5274367228812482e-06
8.233945152369415e-07
7.629867297964665e-07
7.017923593366504e-07
7.969420607878419e-07
2.065839154852256e-06
7.4207057423336656e-06
1.4924661741133605e-05
1.6233383803410106e-05
1.2341389037828776e-05
1.0048413059848826e-05
8.970789167506155e-06
7.466898864549876e-06
5.495029199664714e-06
3.3131894667803863e-06
1.964382363439654e-06
1.5723916533261217e-06
1.6679167629263247e-06
2.1625309614137223e-06
2.69439550493189e-06
2.784756020446366e-06
2.6122319241039804e-06
2.2991790444848448e-06
1.8140182191928034e-06
1.5012140579528932e-06
1.5751814999021008e-06
2.0051722628977586e-06
2.8278176387175336e-06
3.549296764049359e-06
3.675009565995424e-06
4.024885868147976e-06
4.494984068514896e-06
4.051564360452176e-06
3.7429816757139633e-06
4.286681701159978e-06
4.546349828160601e-06
4.6830225528537994e-06
5.204501803746098e-06
5.171343900656211e-06
4.6886414111213526e-06
4.281364056168968e-06
3.757064007459121e-06
3.5505351547726605e-06
3.3773878840293037e-06
3.4830819686249015e-06
6.5304869281135325e-06
1.4471116173808696e-05
2.256839366054919e-05
3.2011962503020186e-05
4.860552962782094e-05
5.936527759331511e-05
5.103596731714788e-05
3.0180424801073972e-05
1.329196902588592e-05
8.177079280358157e-06
8.6900017777225e-06
9.066345683095278e-06
8.76489275469794e-06
8.005745485206717e-06
6.081317280859366e-06
3.8105228554741193e-06
2.5873178515212203e-06
3.846031916054926e-06
1.1633242479547334e-05
3.6196618111716816e-05
9.371464966534404e-05
0.00015360503493866418
0.00014999230370449368
0.00010712185940064956
0.00016152360512933228
0.0007123070299712707
0.005168561161553952
0.023666058899834752
0.08072029100731015
0.1692122146487236
0.23927443847060204
0.29409636557102203
0.3017379492521286
0.19657365791499615
0.06790148303844036
0.011828560709545856
0.0013228162679297386
0.00022187228569237052
0.00011223241017432883
6.6769875047612e-05
3.4616222365002614e-05
2.216650455011404e-05
1.7825053646447486e-05
1.2359993434074568e-05
9.67828441389429e-06
9.65971435107349e-06
8.815165642772627e-06
6.679680382148945e-06
5.806601734548167e-06
7.2662501224840526e-06
9.569556141286739e-06
9.559696081851143e-06
8.807501899354975e-06
1.607345643606095e-05
3.1941918678057846e-05
0.00010131574435945366
0.0010239090925097116
0.004817824170459062
0.010921322333160788
0.014013366540893912
0.010678632999770343
0.004747650848003104
0.0015305882261600348
0.0017012038442771882
0.005690638819942251
0.008808915270492435
0.005478501698235051
0.0061668920679949215
0.13245139285572805
0.31226789206266403
0.2628230322152376
0.09906103275716306
0.027425570762716237
0.008440253033768386
0.003750350617337972
0.0033896566019393504
0.0037003859761171043
0.0038773605483584106
0.0034073221613653004
0.002751747437287122
0.0021090145455673337
0.001391684403643012
0.0009334888309240341
0.0008939682156778872
0.001010247869999148
0.0011052569025196135
0.0013127714773872867
0.001278794719837606
0.0007828550369595179
0.00037298852839739993
0.0004071826770086773
0.004199420211079996
0.04072946765518281
0.13541195541620255
0.20713498443365097
0.2234867885708809
0.21602753177285194
0.14134973753243685
0.052392334153410054
0.013284878019476311
0.0015691245571360926
0.0005934188520768657
0.0003963098133681342
0.00037765757588203996
0.00031905987998470664
0.00024767253853497095
0.00018696841107157525
0.000118005682452349
0.00012097554463252891
0.00048781719306134613
0.0044926199661858846
0.02780750111560337
0.09107559779658914
0.1495133452117443
0.12289471412077548
0.05530059058219195
0.05670278379693627
0.10838942974805832
0.10564007423818111
0.04855822073295713
0.012044053175486626
0.0032327574117516637
0.0004316890690461151
8.791318077783218e-05
2.7363909794075884e-05
1.668406093813246e-05
2.7961290470557287e-05
0.00012668694989770302
0.009535287828839499
0.0521660155718564
0.11321614403277636
0.1523354947566986
0.1791561171412468
0.199004165828228
0.1675951350480318
0.08727662172168495
0.027506688493303958
0.007902371551608667
0.002167431553971255
0.0004347123785919394
6.856143409095239e-05
3.562438314475003e-05
2.56430180343159e-05
1.3241786518847222e-05
1.560817054269137e-05
3.929286754100758e-05
5.9995270930812694e-05
6.488245526270475e-05
0.00011288252972008193
0.0008779250965744722
0.004479006362089422
0.036765907309018075
0.12424657517112792
0.2175498530268669
0.25116968527436256
0.2540185675024986
0.247580848634243
0.18186265043914318
0.08085741358809174
0.019948545348597694
0.0029938930820208047
0.0005910393010708503
0.0003552512134774588
0.00023431969930243213
0.000132715271320194
8.302020796691068e-05
6.422907790692989e-05
6.385492815752514e-05
0.0005193091619730694
0.012112413545764865
0.11038624079083091
0.38334621023386717
0.6142984852194786
0.4834977854043246
0.1769739235751331
0.025389047703356486
0.0023838722627260727
0.00042782057425938547
0.000488588833832182
0.00039440183172700927
0.000371324633306358
0.00038374322321033105
0.00020814720301132186
7.760855260130484e-05
6.810902868892299e-05
5.267417191134882e-05
2.732988355091948e-05
1.5882842944847653e-05
7.934293694233928e-05
0.00024493503997291555
0.0005458288651425391
0.004169434963841923
0.046886651573004194
0.28884519916027784
0.6430554129183292
0.6584535166621208
0.33275093534030026
0.07333537198428532
0.0020174077217234303
0.00038183543620107235
0.00012780899851350114
3.058899778807245e-05
9.425501616533438e-06
9.26823395275278e-06
1.486698886310478e-05
2.627337016747333e-05
3.851272776955739e-05
3.959721288993023e-05
2.8509601861514966e-05
2.322112914043828e-05
3.2848702858245815e-05
3.33696618781687e-05
1.7722247889651044e-05
6.81823496506695e-06
5.43573457889579e-06
5.8652070720199845e-06
3.919386486472831e-06
1.469012090637989e-06
6.97478398592466e-07
8.9033127892435e-07
2.2397323675704683e-06
1.161303788421719e-05
4.264578774382244e-05
0.00010264398588333279
0.00015067672575241886
0.00023548958779429086
0.0005430622913991101
0.0008097836107481271
0.0006450810469686985
0.0003297483162896242
0.00016296374269586522
8.615059596195351e-05
4.0642889644004754e-05
1.823769252951024e-05
1.321811691923358e-05
1.34368278850161e-05
1.3899055602450971e-05
1.1967131513301865e-05
1.046389070324949e-05
9.20887680422311e-06
5.675517286363174e-06
3.150609927615733e-06
2.7480795097289956e-06
2.110330214577516e-06
1.1999507023574552e-06
8.399467219533108e-07
7.187513944018065e-07
6.20790387984016e-07
9.369992284291584e-07
2.182171286335688e-06
4.566897757740662e-06
7.141698347368219e-06
8.546735330128286e-06
7.822739576113236e-06
5.421047887921304e-06
3.709179736688384e-06
3.652308862456266e-06
4.18590059325652e-06
4.4352444774631294e-06
5.498303266904259e-06
1.4958687415855819e-05
7.433337191287137e-05
0.0006171643371999379
0.002105059669702314
0.0033143905457109213
0.0028097572503611445
0.0014739091784576885
0.0006498061120510101
0.0006062520478735678
0.0013328112108865753
0.003236407326767221
0.007059234252665192
0.012369428295642138
0.015001928666606545
0.01319763413630426
0.012403501197695732
0.014363619266077876
0.013494603685103357
0.00834418839076534
0.007947510108351707
0.016473921306896955
0.023841806687414646
0.0247576255351305
0.031834893859922886
0.05386730143800378
0.11791794933378695
0.27139591984450817
0.40406323969364166
0.328582352027297
0.13400200032629073
0.02467953381710686
0.003228316374588758
0.0006632196054852102
0.0002789097015920561
0.00015447922669409309
0.00011282977538940031
8.722791426407639e-05
6.433900853153318e-05
4.5702637180511374e-05
4.337576956459088e-05
4.9800381930253934e-05
4.558437467494514e-05
3.568835018086247e-05
2.447191673127236e-05
1.2331758853179055e-05
1.440744154024287e-05
4.519491653809382e-05
6.949779617571039e-05
5.2848521136184e-05
3.0771886031288886e-05
2.7891739136975957e-05
4.817936815015855e-05
0.00010619068143569166
0.00019950532259827014
0.00035053510873694904
0.000760495378926862
0.0014507973683066666
0.002535465406253934
0.013808135699946432
0.03501046483870596
0.04588752239942551
0.03950148494914174
0.03100185375660658
0.047582554165273905
0.2726572211831808
0.6833917405456305
0.7484352290630341
0.38796476135030394
0.08961820890544915
0.006437794843805024
0.00020969613979104906
0.00019300466738059185
0.00011769078173529125
5.182566565054003e-05
6.660285635007313e-05
0.00013056870375294238
0.00018783343330142088
0.0002502048446331173
0.0003845793144137133
0.0005950639970251359
0.0013524550886359066
0.005015737275243737
0.010861719609238207
0.016065577510744333
0.028416769579052925
0.09511757036671042
0.3103183573111892
0.5224808230996132
0.4314313791692257
0.17491428600624206
0.0360842637019232
0.004779327786309296
0.0002723494279734951
9.899150597902919e-06
3.0471814227439613e-06
2.2032535298421863e-06
1.4768785064234178e-05
0.0001528323829234068
0.000335195695697621
0.0003393880178919062
0.0002390235458733514
0.0001204555128424545
3.1245682748703985e-05
8.398586317071022e-06
3.1501924695476195e-06
3.1188429261419515e-06
1.66828814371911e-05
9.42264691730088e-05
0.00038160558688105084
0.001432703087630216
0.010535311273997648
0.04588295012945309
0.08715987950563431
0.08687360677868128
0.060492001473903656
0.038692614529281855
0.019289727439172566
0.0069432464079000064
0.002905036191805266
0.001033026295772288
0.00023891665841802026
0.00011147666918986943
8.169964803528273e-05
6.58796288917074e-05
5.9853265156561974e-05
4.606472430168651e-05
2.401400979579194e-05
1.0277062983732321e-05
8.990284641186008e-06
2.48796770847548e-05
9.650415358919416e-05
0.0007655586978216887
0.017245146191271484
0.12986875529168174
0.34526477009058
0.5037114322185516
0.5346661806106567
0.4107376281172037
0.17474343860521915
0.031880995695246384
0.0052647889824584135
0.0004727837549580727
0.00025953999647754245
0.0002023497836489696
0.00029445800828398205
0.0003098969755228609
0.00020071403378096878
0.00015130774045246653
0.0003159411917295074
0.001666646981902886
0.036476150431553826
0.15353809029329568
0.3089544400572777
0.36122751981019974
0.2851707339286804
0.20003541558980942
0.13891484029591084
0.07471184432506561
0.026712048158515248
0.0064400244737043985
0.0016500078199896964
0.0009651862201280892
0.0010622649278957397
0.0010414981516078115
0.0007297281990759075
0.0004669578920584172
0.00026158658147323877
7.979101292221459e-05
1.6387252344429726e-05
4.132108870180673e-05
0.00045935935622765095
0.003005765564012108
0.009616197959985584
0.021025394555181265
0.036022558342665434
0.043816047720611095
0.03593612462282181
0.02992928307503462
0.044739424251019955
0.06866723857820034
0.06520499382168055
0.029932089775684293
0.004648238065783517
0.0002508593433958595
6.645743815170135e-05
7.969112357386621e-05
9.566680637362879e-05
9.486963062954601e-05
0.00013934477465227246
0.00021458253650052939
0.0016968886993709018
0.021863088932150273
0.13859774207230657
0.37629609555006027
0.5541437864303589
0.4933364689350128
0.2611372168175876
0.06910163816064598
0.0062396089488174775
0.0017201726441271603
0.0008453619120700752
0.0002745113770288299
8.450146196992137e-05
0.00010797289633046601
0.0001643885552766733
0.00013034678522672039
6.34987557077693e-05
3.0375388178072175e-05
2.059472967630427e-05
1.68552331842875e-05
7.987685535226774e-06
2.527064594914919e-06
1.140366492791145e-06
8.518903626963947e-07
7.01333917163538e-07
8.088530165650809e-07
1.2683905055155265e-06
3.7612392702612847e-06
1.4207276308297876e-05
3.2155220196727896e-05
3.6073306773687364e-05
1.868783564873411e-05
4.376962266405827e-06
2.7384677707686933e-06
9.207580859538211e-06
3.6319269497653295e-05
0.0002963148640446888
0.0017897756297315934
0.005454792000818998
0.030170772923156616
0.14137113746255636
0.355902586132288
0.4607682004570961
0.305969481356442
0.10157196869840847
0.016055585656431507
0.0005396563137765044
0.00015001876636233646
0.000228042797971284
0.00038591469819948543
0.0003931087994715199
0.000421764692873694
0.00046919285523472354
0.0002810590885928832
8.994457311928274e-05
5.2896057241014205e-05
5.713796508644009e-05
6.276617023104336e-05
6.75333585604676e-05
6.495250636362471e-05
7.214390279841609e-05
0.0001361868762614904
0.00021463660232257098
0.00025045008078450337
0.00026010100191342644
0.00023502378098783083
0.00018021052528638393
0.00011253988077442045
4.4849152345705086e-05
1.7931598904397106e-05
0.0001362763719043869
0.003896123081176483
0.05841884048277279
0.24446085141971705
0.4589647650718689
0.45725686103105545
0.2653309740126133
0.102530918084085
0.03168782632565126
0.007097386682289653
0.0009896664778352715
0.00046374891826417297
0.0006540081594721414
0.00126257685769815
0.0016637849330436438
0.0015573802083963528
0.0012429767521098256
0.0009185377712128684
0.00045637674338649964
0.00016058834080467932
0.0001000849861156894
5.454112670122413e-05
5.1654631533892825e-05
5.774410965386778e-05
6.116475378803443e-05
6.514441793115111e-05
6.0735490478691645e-05
4.8799645810504444e-05
4.075617925991537e-05
3.110210991508211e-05
1.8605593368192785e-05
1.1124918728455668e-05
8.40525581224938e-06
6.427093580896326e-06
4.861779416387435e-06
4.403905222716276e-06
4.185790260180511e-06
4.061985805492441e-06
5.590130797372694e-06
7.500419883399445e-06
7.237535669446515e-06
5.492950833740906e-06
4.001518391305581e-06
3.936348377919785e-06
5.870722134204698e-06
8.733089771340019e-06
8.994154768515727e-06
5.866103265361744e-06
3.4145331255786004e-06
3.1391330139740603e-06
3.5924604162573814e-06
3.695590407915006e-06
3.034205747098895e-06
2.5616223524593806e-06
2.8199167445563944e-06
3.0982943712842825e-06
2.867478599455353e-06
2.3293792423828563e-06
2.0667361013693153e-06
2.0952438717358746e-06
2.3996803406589606e-06
3.4041581216115446e-06
4.354735210654326e-06
3.964542770518165e-06
2.819508154061623e-06
2.1671406216228206e-06
2.3622059757144598e-06
3.0496715908157057e-06
3.261992276293313e-06
2.69047353640417e-06
2.089174302000174e-06
2.0916942844451114e-06
2.5150151259367703e-06
2.569478624536714e-06
2.0424388651463232e-06
1.4584736049982894e-06
1.195340928461519e-06
1.296321386234922e-06
1.5159294264321943e-06
1.810041567296139e-06
2.4235705495812e-06
3.1724069913252606e-06
3.7066198501634062e-06
3.979143741617008e-06
3.88220178137999e-06
3.4809705198313168e-06
2.9961324230498576e-06
2.603140274004545e-06
2.3334371803684917e-06
1.8561127319571824e-06
1.439612020703862e-06
1.8967278094805806e-06
4.014002314534082e-06
7.56310703309282e-06
1.086189672605542e-05
1.1427370054661878e-05
8.666872872709064e-06
5.972697863398935e-06
5.671739359058847e-06
6.5083800109277945e-06
7.161099915720115e-06
6.8221447691030335e-06
4.889423223630729e-06
2.63458176164022e-06
1.4593178718769195e-06
1.4079623440466094e-06
2.3270381177553645e-06
5.9728237147282925e-06
2.320332851013518e-05
6.5285305481666e-05
0.00011243167409702437
0.00011618899588938802
7.443602044077124e-05
4.154392263444606e-05
4.0417849049845245e-05
5.0438028665666934e-05
5.467815208248794e-05
5.2276150199759286e-05
4.6154279516485985e-05
3.808269366345485e-05
2.8760595796484267e-05
1.8766477523968206e-05
1.1180455885551055e-05
1.1105216117357486e-05
2.3639700202693348e-05
4.162024288234534e-05
5.9555059124249965e-05
0.00010327006930310745
0.00014174223360896576
0.00011003108011209407
5.253202925814549e-05
2.2564990331375157e-05
9.85495427130445e-06
9.647602723816817e-06
0.00013991175757155358
0.000985552110705612
0.005338956238119863
0.014062499685678631
0.018428120762109756
0.01488857576623559
0.013073723064735532
0.014169334433972836
0.016383282840251923
0.025484650395810604
0.033815772738307714
0.02880979236215353
0.0211097183637321
0.024424786679446697
0.026226867688819766
0.015564031258691104
0.004524167939962354
0.000738411195925437
0.00013851105904905125
8.012302805582294e-05
5.8417735090188216e-05
3.7033797070762375e-05
2.356794675506535e-05
1.5245308304656648e-05
9.069125553651247e-06
5.119914874285314e-06
2.794580041154404e-06
1.8124190148682828e-06
1.5144097176289506e-06
1.6210343858347187e-06
2.1805235235206055e-06
3.0206504106899956e-06
3.957580872793187e-06
4.369979421880998e-06
3.71435436363754e-06
2.7099703174826573e-06
2.41241184539831e-06
2.8077715228391753e-06
3.4233680139550415e-06
4.3122856823174516e-06
4.934067078465887e-06
4.806643460142368e-06
4.79035213629686e-06
7.29379144104314e-06
1.571169093494973e-05
2.2573395654035266e-05
1.645035717956489e-05
5.438925512635252e-06
1.6979150814222521e-06
7.114002272601282e-06
7.377988930556965e-05
0.0012940986143803455
0.005514718905033078
0.01585920073557645
0.03518845536746085
0.05602337699383497
0.06179275922477245
0.05030182655900717
0.033397032879292965
0.016952926467638463
0.005389227910200135
0.0011280554317636418
0.0002633030699144001
6.837142814219987e-05
1.9236198340877312e-05
7.830178105905361e-06
8.656084901303984e-06
3.5072385912826576e-05
0.0001536683771519165
0.0005821960912726354
0.0023640263461857103
0.004631641641026363
0.004043682522024028
0.001475194718295825
0.00018406531853543132
4.621658808900975e-05
4.756143061968032e-05
0.0002992477366206003
0.0022348414750013035
0.0155162081355229
0.19339596363715825
0.5386915067210793
0.6231735050678253
0.34579241834580904
0.091895793331787
0.01957691367715597
0.021559647982940078
0.019054494565352798
0.007720128283835948
0.0012512159082689325
0.00022189853007148488
6.648963790212292e-05
3.150358770653838e-05
1.995389493458788e-05
1.184490156447282e-05
8.405466019212327e-06
7.045671736705117e-06
6.731955863870098e-06
7.430641971950536e-06
9.87387613804458e-06
1.2401474577927729e-05
1.219715863953752e-05
1.0027381449617678e-05
8.514630167155701e-06
8.784156079855165e-06
1.2550660471788433e-05
2.0730953792735818e-05
3.3927343338291394e-05
4.7747867938596755e-05
5.691741171176545e-05
6.046362796041649e-05
5.259129738988122e-05
3.535101586749079e-05
2.052456648016232e-05
1.3064958693576045e-05
1.1496764045659802e-05
1.3984382349008229e-05
2.1330252138795913e-05
3.449859696047497e-05
5.019055606680922e-05
5.549724937736755e-05
4.31397270403977e-05
2.6457002604729496e-05
1.6482066484968527e-05
1.0690434464777354e-05
6.171449854264211e-06
4.581335019793187e-06
6.573765745088167e-06
1.3884677514397481e-05
2.9454459308908554e-05
4.42934669990791e-05
4.675422042055288e-05
3.8708366446371656e-05
3.5044374271819834e-05
4.9064117774832994e-05
5.9778861213999335e-05
4.5097315251041437e-05
2.5481417651462834e-05
1.624871083549806e-05
1.1559854556253413e-05
8.909006737667369e-06
8.934431662055431e-06
1.1248534747210215e-05
1.2992314623261336e-05
1.2356981869743322e-05
1.0906751867878484e-05
1.4907429886079626e-05
2.4300380573549774e-05
2.4125727804857888e-05
1.232106001225475e-05
4.514945658229408e-06
4.0797071960696485e-06
6.728764219587902e-06
1.2755911257045227e-05
2.013760786212515e-05
2.4724691684241407e-05
2.731725908233784e-05
2.8150290745543316e-05
2.186995220654353e-05
1.1341599702063833e-05
6.099137294768298e-06
6.723734713887097e-06
8.68590120717272e-06
9.711866596262553e-06
9.606618505131337e-06
1.1000669246641337e-05
1.5335882380895782e-05
1.811703123166808e-05
1.6358035964003648e-05
1.2258103311069135e-05
8.190928269868891e-06
6.123618732090108e-06
5.588785029431165e-06
6.783599360460357e-06
1.7238056443602545e-05
4.212458838992461e-05
9.285852593166055e-05
0.00015816857558093034
0.00017827394185587764
0.00013208709333412116
6.715548352076439e-05
3.0578959922422655e-05
2.71713952315622e-05
4.245181571604917e-05
6.885834045533556e-05
9.158087596006226e-05
0.0001052507541317027
0.00011062720113841351
9.702376519271638e-05
7.926263788249344e-05
6.729296546836849e-05
4.592438608597149e-05
2.5448428914387478e-05
1.9848674583045067e-05
1.950330533873057e-05
1.8419676507619442e-05
2.2746133709006244e-05
3.912293732355465e-05
6.801383369747782e-05
9.347216291644145e-05
8.81523810676299e-05
5.62212276236096e-05
3.4131345273635816e-05
3.256909121773788e-05
5.915270230616442e-05
0.00017125507019954966
0.0005532604518521111
0.003359212190844118
0.01868419282254763
0.06659475225023925
0.12271679658442736
0.12275851517915726
0.07163226790726185
0.025527499266900126
0.0061579899629578
0.003283262485638261
0.004873063415288925
0.005140997178386897
0.0031212895992212
0.001685419527348131
0.0012499868753366172
0.0007522633568441961
0.000299485060168081
0.00011337698742863722
0.0002028596372838365
0.000609739243373042
0.00119566894863965
0.0014176948461681604
0.001194743235828355
0.0008469091117149219
0.0005569080676650628
0.0003808772235061042
0.0003082820257986896
0.0002744960365816951
0.0002552369987824932
0.00028705899603664875
0.0003325683355797082
0.00032031522277975455
0.00024430546909570694
0.0001533385475340765
9.90004791674437e-05
7.422970429615816e-05
5.288127067615278e-05
4.212461226416053e-05
4.4109559894423e-05
4.657149020204088e-05
4.281542442186037e-05
3.456924969214015e-05
2.849491465894971e-05
2.8142950213805307e-05
2.9111628919054056e-05
2.6900001557805808e-05
2.5472513243585126e-05
2.531379595893668e-05
2.1071875607958646e-05
1.4232042303774506e-05
9.650646461523138e-06
8.332386869369657e-06
9.07047865439381e-06
1.0256529321850394e-05
9.618246963327692e-06
7.85487122811901e-06
8.084325259005709e-06
9.470656323173898e-06
9.20214552024845e-06
7.71485235873115e-06
8.944828095991397e-06
1.9440120127001137e-05
4.136630877837888e-05
6.151274192234268e-05
7.575507333967835e-05
0.0001383894523314666
0.0003130119202978676
0.0008546743047190829
0.0019747710757656023
0.0025437941367272288
0.0017064381827367472
0.0007110231381375343
0.00033478785553597845
0.00021297728744684719
0.0002642340950842481
0.0011427380559325684
0.004648446323699318
0.012686435249634087
0.020733904093503952
0.01952776638790965
0.01050579603179358
0.0037987387040629987
0.004688959539635107
0.019850052834954113
0.0940036312676966
0.21216435451060534
0.21993339154869318
0.10234085260890426
0.018236554766190242
0.0016530323191545906
0.00042358623613836244
0.00036427790473680943
0.0002945818559965119
0.00015976061331457458
6.166432967802393e-05
2.4193752096834945e-05
1.4096606491875718e-05
1.2518006315076491e-05
1.0822188528436527e-05
6.709442942565148e-06
0.0
