0.0
0.0
0.0
0.0
12.628713000339374
0.0
0.0
12.628713000339374
0.0
0.0
0.0
0.0
0.0
0.0
0.0
0.0
0.0
0.0
0.0
0.0
15.7851258703449
0.0
0.0
0.0
0.0
0.0
0.0
0.0
0.0
0.0
0.0
0.0
0.0
0.0
14.27875528533859
14.27875528533859
18.45383492638227
18.45383492638227
0.0
0.0
12.628713000339374
18.45383492638227
0.0
0.0
0.0
0.0
14.27875528533859
18.45383492638227
19.648263008993254
18.45383492638227
19.648263008993254
0.0
19.648263008993254
0.0
0.0
0.0
0.0
18.45383492638227
18.45383492638227
20.765575861691026
0.0
0.0
0.0
0.0
0.0
0.0
0.0
0.0
0.0
0.0
0.0
0.0
0.0
0.0
0.0
0.0
0.0
0.0
0.0
14.27875528533859
14.27875528533859
0.0
18.45383492638227
14.27875528533859
14.27875528533859
0.0
0.0
14.27875528533859
14.27875528533859
0.0
0.0
0.0
0.0
0.0
0.0
30.453834926382278
31.061347803221892
0.0
0.0
0.0
0.0
0.0
0.0
0.0
12.628713000339374
14.27875528533859
31.061347803221892
30.453834926382278
14.27875528533859
0.0
12.628713000339374
0.0
0.0
0.0
0.0
0.0
0.0
0.0
0.0
18.45383492638227
0.0
14.27875528533859
0.0
0.0
0.0
0.0
0.0
0.0
0.0
0.0
0.0
0.0
0.0
0.0
0.0
0.0
0.0
0.0
0.0
0.0
0.0
0.0
0.0
0.0
0.0
0.0
0.0
0.0
0.0
0.0
0.0
0.0
0.0
0.0
0.0
0.0
0.0
0.0
14.27875528533859
0.0
0.0
0.0
0.0
0.0
0.0
0.0
0.0
0.0
0.0
0.0
0.0
14.27875528533859
22.80467587899878
14.27875528533859
14.27875528533859
0.0
0.0
0.0
0.0
0.0
0.0
12.628713000339374
17.17085247938413
17.17085247938413
17.17085247938413
0.0
0.0
0.0
0.0
0.0
0.0
0.0
0.0
17.17085247938413
29.824225887652652
29.824225887652652
30.453834926382278
30.453834926382278
30.453834926382278
30.453834926382278
30.453834926382278
30.453834926382278
31.061347803221892
31.061347803221892
31.061347803221892
30.453834926382278
30.453834926382278
30.453834926382278
30.453834926382278
31.061347803221892
31.061347803221892
31.061347803221892
31.061347803221892
31.061347803221892
31.061347803221892
30.453834926382278
30.453834926382278
31.061347803221892
30.453834926382278
31.061347803221892
31.061347803221892
31.061347803221892
31.061347803221892
31.061347803221892
31.061347803221892
31.061347803221892
31.061347803221892
31.061347803221892
31.061347803221892
30.453834926382278
30.453834926382278
30.453834926382278
30.453834926382278
30.453834926382278
30.453834926382278
30.453834926382278
30.453834926382278
30.453834926382278
30.453834926382278
30.453834926382278
31.061347803221892
31.061347803221892
31.061347803221892
31.061347803221892
31.061347803221892
31.061347803221892
31.061347803221892
31.061347803221892
31.061347803221892
31.061347803221892
31.061347803221892
31.061347803221892
31.061347803221892
31.061347803221892
31.061347803221892
31.061347803221892
31.061347803221892
31.061347803221892
31.061347803221892
31.061347803221892
31.061347803221892
31.061347803221892
31.061347803221892
31.061347803221892
31.061347803221892
31.061347803221892
31.061347803221892
31.061347803221892
31.061347803221892
31.061347803221892
31.061347803221892
31.061347803221892
31.061347803221892
31.061347803221892
31.061347803221892
31.061347803221892
31.061347803221892
31.061347803221892
31.061347803221892
31.061347803221892
31.061347803221892
31.061347803221892
31.061347803221892
31.061347803221892
31.061347803221892
31.061347803221892
31.061347803221892
31.061347803221892
31.061347803221892
31.061347803221892
31.061347803221892
31.061347803221892
31.061347803221892
31.061347803221892
31.061347803221892
31.061347803221892
30.453834926382278
29.824225887652652
29.824225887652652
29.824225887652652
0.0
0.0
29.824225887652652
30.453834926382278
0.0
0.0
0.0
0.0
12.628713000339374
0.0
36.190402488038
36.190402488038
36.190402488038
35.740706023014056
35.740706023014056
35.740706023014056
35.740706023014056
35.740706023014056
35.740706023014056
35.740706023014056
35.740706023014056
35.740706023014056
35.740706023014056
36.190402488038
36.190402488038
36.190402488038
36.190402488038
36.190402488038
36.190402488038
35.740706023014056
35.740706023014056
35.279016249238424
35.279016249238424
35.279016249238424
35.740706023014056
36.190402488038
0.0
0.0
0.0
0.0
0.0
0.0
35.740706023014056
35.279016249238424
34.316972065030626
33.8151299566951
33.8151299566951
33.29830529399247
33.8151299566951
33.8151299566951
33.8151299566951
33.8151299566951
33.8151299566951
33.8151299566951
33.8151299566951
33.8151299566951
33.8151299566951
33.8151299566951
33.8151299566951
33.8151299566951
33.8151299566951
34.316972065030626
33.8151299566951
33.8151299566951
33.29830529399247
33.8151299566951
33.8151299566951
33.29830529399247
33.29830529399247
33.29830529399247
33.29830529399247
33.29830529399247
33.29830529399247
32.765575861691026
32.765575861691026
32.215931586333525
32.215931586333525
32.215931586333525
32.215931586333525
32.765575861691026
32.765575861691026
32.765575861691026
32.765575861691026
32.765575861691026
32.765575861691026
32.765575861691026
32.765575861691026
32.765575861691026
32.215931586333525
32.215931586333525
32.215931586333525
32.215931586333525
32.215931586333525
32.215931586333525
32.765575861691026
32.215931586333525
32.215931586333525
31.648263008993247
31.061347803221892
30.453834926382278
29.824225887652652
30.453834926382278
30.453834926382278
30.453834926382278
30.453834926382278
30.453834926382278
30.453834926382278
30.453834926382278
30.453834926382278
30.453834926382278
30.453834926382278
30.453834926382278
30.453834926382278
31.061347803221892
31.061347803221892
31.061347803221892
31.061347803221892
31.061347803221892
31.061347803221892
31.061347803221892
31.061347803221892
31.061347803221892
31.061347803221892
31.061347803221892
31.061347803221892
31.061347803221892
31.061347803221892
31.061347803221892
31.061347803221892
31.061347803221892
31.061347803221892
31.061347803221892
31.061347803221892
31.061347803221892
31.061347803221892
30.453834926382278
29.824225887652652
29.824225887652652
29.824225887652652
0.0
31.648263008993247
30.453834926382278
30.453834926382278
12.628713000339374
18.45383492638227
29.17085247938413
28.491850138987722
28.491850138987722
27.7851258703449
27.7851258703449
27.7851258703449
27.7851258703449
27.7851258703449
28.491850138987722
28.491850138987722
28.491850138987722
28.491850138987722
28.491850138987722
29.17085247938413
29.17085247938413
29.17085247938413
28.491850138987722
28.491850138987722
28.491850138987722
28.491850138987722
28.491850138987722
28.491850138987722
28.491850138987722
28.491850138987722
28.491850138987722
28.491850138987722
28.491850138987722
28.491850138987722
28.491850138987722
28.491850138987722
28.491850138987722
28.491850138987722
29.17085247938413
28.491850138987722
28.491850138987722
28.491850138987722
28.491850138987722
28.491850138987722
28.491850138987722
0.0
0.0
0.0
28.491850138987722
29.17085247938413
29.824225887652652
17.17085247938413
17.17085247938413
0.0
0.0
0.0
14.27875528533859
14.27875528533859
14.27875528533859
0.0
14.27875528533859
14.27875528533859
15.7851258703449
18.45383492638227
12.628713000339374
0.0
0.0
0.0
0.0
14.27875528533859
14.27875528533859
14.27875528533859
14.27875528533859
24.628713000339374
23.74070602301405
22.80467587899878
18.45383492638227
14.27875528533859
39.7851258703449
40.14209399107353
39.7851258703449
39.7851258703449
40.14209399107353
40.14209399107353
40.49185013898772
40.49185013898772
40.49185013898772
40.49185013898772
40.49185013898772
40.49185013898772
40.49185013898772
40.49185013898772
40.49185013898772
40.49185013898772
40.14209399107353
40.14209399107353
40.14209399107353
40.14209399107353
40.14209399107353
40.14209399107353
40.14209399107353
40.14209399107353
40.14209399107353
40.14209399107353
40.14209399107353
40.49185013898772
40.49185013898772
40.49185013898772
40.834679965348975
40.834679965348975
40.834679965348975
40.834679965348975
40.834679965348975
40.834679965348975
40.834679965348975
40.49185013898772
40.49185013898772
40.49185013898772
40.49185013898772
40.14209399107353
40.14209399107353
39.7851258703449
39.7851258703449
39.7851258703449
39.7851258703449
0.0
12.628713000339374
0.0
0.0
0.0
0.0
0.0
0.0
0.0
0.0
0.0
0.0
0.0
0.0
0.0
0.0
0.0
0.0
14.27875528533859
14.27875528533859
15.7851258703449
0.0
14.27875528533859
14.27875528533859
0.0
0.0
0.0
0.0
0.0
0.0
0.0
0.0
0.0
0.0
0.0
0.0
0.0
0.0
0.0
0.0
0.0
0.0
0.0
0.0
0.0
0.0
0.0
0.0
0.0
27.7851258703449
40.834679965348975
41.17085247938414
41.17085247938414
41.17085247938414
40.834679965348975
40.834679965348975
40.834679965348975
40.834679965348975
40.834679965348975
40.834679965348975
40.834679965348975
40.834679965348975
40.834679965348975
40.834679965348975
40.834679965348975
40.834679965348975
40.49185013898772
40.49185013898772
40.49185013898772
40.49185013898772
40.14209399107353
40.14209399107353
39.7851258703449
39.04831933437518
0.0
62.474377033287794
62.763726506689494
62.763726506689494
61.7798060403218
60.843775896306525
60.843775896306525
60.843775896306525
61.37002737137965
57.558646147184305
14.27875528533859
39.04831933437518
39.42064208182268
39.04831933437518
39.04831933437518
39.04831933437518
39.04831933437518
39.42064208182268
39.42064208182268
39.42064208182268
39.42064208182268
39.42064208182268
39.7851258703449
39.7851258703449
39.7851258703449
39.7851258703449
40.14209399107353
40.14209399107353
40.14209399107353
39.7851258703449
39.7851258703449
39.04831933437518
38.66781301764712
39.04831933437518
39.7851258703449
40.14209399107353
40.49185013898772
41.17085247938414
41.17085247938414
40.834679965348975
40.834679965348975
40.834679965348975
40.834679965348975
40.834679965348975
40.49185013898772
40.49185013898772
40.49185013898772
40.49185013898772
40.49185013898772
40.49185013898772
40.49185013898772
40.49185013898772
40.49185013898772
40.49185013898772
40.49185013898772
40.49185013898772
40.49185013898772
40.49185013898772
40.49185013898772
40.49185013898772
40.49185013898772
40.49185013898772
40.49185013898772
40.49185013898772
40.49185013898772
40.14209399107353
40.14209399107353
39.7851258703449
39.04831933437518
38.27875528533859
37.8807529181162
37.47338493503615
37.47338493503615
37.47338493503615
37.47338493503615
37.05619991710803
36.628713000339374
36.190402488038
35.740706023014056
35.740706023014056
35.740706023014056
35.740706023014056
35.740706023014056
35.740706023014056
35.740706023014056
35.740706023014056
35.740706023014056
35.740706023014056
36.190402488038
36.190402488038
36.190402488038
36.190402488038
36.190402488038
36.190402488038
36.190402488038
36.190402488038
36.190402488038
36.190402488038
36.190402488038
36.190402488038
36.190402488038
36.190402488038
36.190402488038
36.628713000339374
36.628713000339374
36.628713000339374
36.190402488038
36.190402488038
36.190402488038
36.190402488038
36.190402488038
36.190402488038
36.190402488038
36.628713000339374
36.628713000339374
36.628713000339374
36.628713000339374
36.628713000339374
36.628713000339374
36.628713000339374
36.628713000339374
36.628713000339374
36.628713000339374
36.628713000339374
36.628713000339374
36.628713000339374
36.628713000339374
36.628713000339374
36.628713000339374
36.628713000339374
36.628713000339374
36.628713000339374
36.628713000339374
36.628713000339374
37.05619991710803
37.05619991710803
37.05619991710803
37.05619991710803
37.05619991710803
37.05619991710803
37.05619991710803
37.05619991710803
37.05619991710803
37.05619991710803
37.05619991710803
37.05619991710803
37.05619991710803
37.05619991710803
37.05619991710803
37.05619991710803
37.05619991710803
37.05619991710803
36.628713000339374
36.628713000339374
36.628713000339374
36.628713000339374
36.190402488038
36.628713000339374
36.628713000339374
36.628713000339374
36.628713000339374
36.190402488038
36.190402488038
35.740706023014056
35.740706023014056
36.190402488038
17.17085247938413
14.27875528533859
40.14209399107353
40.49185013898772
40.14209399107353
40.14209399107353
40.14209399107353
39.7851258703449
39.7851258703449
39.7851258703449
39.7851258703449
39.7851258703449
39.7851258703449
39.42064208182268
39.42064208182268
39.7851258703449
39.7851258703449
39.7851258703449
39.7851258703449
39.7851258703449
39.7851258703449
39.7851258703449
39.7851258703449
39.7851258703449
39.7851258703449
39.7851258703449
39.7851258703449
39.42064208182268
39.04831933437518
39.04831933437518
39.04831933437518
39.42064208182268
39.7851258703449
17.17085247938413
12.628713000339374
37.47338493503615
24.628713000339374
0.0
63.6038431616624
63.5124849523439
63.5124849523439
29.824225887652652
0.0
34.80467587899877
34.316972065030626
34.316972065030626
33.8151299566951
33.8151299566951
33.8151299566951
33.8151299566951
33.8151299566951
33.8151299566951
33.8151299566951
33.8151299566951
33.8151299566951
33.8151299566951
33.8151299566951
33.8151299566951
33.8151299566951
33.8151299566951
33.8151299566951
34.316972065030626
34.316972065030626
34.316972065030626
34.316972065030626
34.80467587899877
34.80467587899877
35.279016249238424
35.279016249238424
35.279016249238424
35.279016249238424
34.80467587899877
34.80467587899877
34.80467587899877
34.80467587899877
34.316972065030626
34.316972065030626
34.316972065030626
34.80467587899877
34.80467587899877
34.80467587899877
34.80467587899877
34.316972065030626
34.316972065030626
34.316972065030626
34.316972065030626
34.316972065030626
34.316972065030626
34.316972065030626
34.316972065030626
34.316972065030626
34.316972065030626
34.316972065030626
34.316972065030626
34.316972065030626
34.316972065030626
34.80467587899877
35.279016249238424
35.279016249238424
35.740706023014056
35.740706023014056
35.740706023014056
35.740706023014056
35.740706023014056
35.279016249238424
35.279016249238424
35.279016249238424
35.740706023014056
35.740706023014056
34.80467587899877
34.80467587899877
34.80467587899877
0.0
0.0
0.0
12.628713000339374
0.0
0.0
0.0
0.0
0.0
0.0
0.0
0.0
0.0
30.453834926382278
18.45383492638227
0.0
0.0
0.0
0.0
0.0
0.0
0.0
0.0
0.0
0.0
29.17085247938413
41.17085247938414
41.50062131644942
41.17085247938414
41.17085247938414
41.17085247938414
41.17085247938414
40.834679965348975
40.834679965348975
40.49185013898772
40.49185013898772
40.49185013898772
40.49185013898772
40.49185013898772
40.14209399107353
40.14209399107353
40.14209399107353
40.14209399107353
40.14209399107353
40.14209399107353
40.14209399107353
39.7851258703449
39.42064208182268
39.04831933437518
39.04831933437518
39.04831933437518
39.42064208182268
39.42064208182268
39.42064208182268
15.7851258703449
0.0
0.0
0.0
0.0
0.0
0.0
35.279016249238424
34.80467587899877
33.8151299566951
33.29830529399247
33.29830529399247
33.29830529399247
32.765575861691026
32.765575861691026
33.29830529399247
33.29830529399247
33.29830529399247
33.29830529399247
33.8151299566951
33.8151299566951
33.8151299566951
33.8151299566951
33.8151299566951
33.8151299566951
33.8151299566951
33.8151299566951
33.8151299566951
33.8151299566951
33.8151299566951
33.8151299566951
33.8151299566951
33.8151299566951
33.8151299566951
33.29830529399247
33.29830529399247
33.29830529399247
33.29830529399247
33.29830529399247
33.29830529399247
33.29830529399247
33.29830529399247
33.29830529399247
33.29830529399247
33.29830529399247
33.29830529399247
33.29830529399247
33.29830529399247
33.29830529399247
33.29830529399247
33.29830529399247
33.29830529399247
33.29830529399247
33.29830529399247
33.29830529399247
33.8151299566951
33.8151299566951
33.29830529399247
33.29830529399247
33.8151299566951
33.8151299566951
33.8151299566951
33.8151299566951
33.29830529399247
33.29830529399247
33.29830529399247
33.29830529399247
33.29830529399247
33.29830529399247
33.29830529399247
33.29830529399247
33.29830529399247
33.29830529399247
33.29830529399247
33.29830529399247
33.29830529399247
33.29830529399247
33.29830529399247
33.29830529399247
33.8151299566951
33.8151299566951
33.8151299566951
33.8151299566951
33.8151299566951
33.8151299566951
33.8151299566951
33.8151299566951
33.8151299566951
33.8151299566951
33.8151299566951
33.8151299566951
33.8151299566951
33.8151299566951
33.8151299566951
33.8151299566951
33.8151299566951
33.8151299566951
33.8151299566951
33.8151299566951
33.8151299566951
33.29830529399247
33.29830529399247
33.29830529399247
33.29830529399247
33.29830529399247
33.29830529399247
33.29830529399247
33.8151299566951
33.8151299566951
33.8151299566951
33.8151299566951
33.8151299566951
33.8151299566951
33.8151299566951
33.8151299566951
33.8151299566951
33.8151299566951
33.8151299566951
33.8151299566951
33.8151299566951
33.8151299566951
33.29830529399247
33.29830529399247
32.765575861691026
33.29830529399247
32.765575861691026
32.765575861691026
32.765575861691026
32.765575861691026
32.765575861691026
32.765575861691026
32.215931586333525
32.215931586333525
32.215931586333525
32.215931586333525
32.215931586333525
32.215931586333525
32.215931586333525
32.215931586333525
32.215931586333525
32.215931586333525
32.215931586333525
32.215931586333525
32.215931586333525
32.215931586333525
32.215931586333525
32.765575861691026
32.765575861691026
32.765575861691026
32.765575861691026
32.765575861691026
32.765575861691026
32.765575861691026
32.765575861691026
32.765575861691026
32.765575861691026
32.765575861691026
32.765575861691026
32.765575861691026
32.765575861691026
32.765575861691026
32.765575861691026
32.215931586333525
32.765575861691026
32.215931586333525
32.215931586333525
32.215931586333525
32.215931586333525
32.215931586333525
32.765575861691026
32.765575861691026
32.765575861691026
32.765575861691026
32.765575861691026
32.765575861691026
32.765575861691026
32.765575861691026
32.765575861691026
32.765575861691026
32.765575861691026
32.765575861691026
32.765575861691026
32.765575861691026
32.765575861691026
32.765575861691026
32.215931586333525
32.215931586333525
32.215931586333525
32.215931586333525
32.215931586333525
31.648263008993247
31.061347803221892
31.061347803221892
31.061347803221892
31.061347803221892
31.061347803221892
30.453834926382278
0.0
0.0
19.648263008993254
19.648263008993254
0.0
0.0
18.45383492638227
18.45383492638227
18.45383492638227
18.45383492638227
31.648263008993247
31.061347803221892
0.0
0.0
0.0
0.0
0.0
0.0
0.0
0.0
0.0
0.0
0.0
0.0
0.0
0.0
0.0
0.0
0.0
0.0
0.0
0.0
0.0
15.7851258703449
14.27875528533859
14.27875528533859
14.27875528533859
0.0
0.0
0.0
15.7851258703449
15.7851258703449
19.648263008993254
0.0
14.27875528533859
14.27875528533859
17.17085247938413
0.0
0.0
0.0
12.628713000339374
12.628713000339374
12.628713000339374
0.0
15.7851258703449
15.7851258703449
25.47338493503615
0.0
14.27875528533859
0.0
17.17085247938413
0.0
12.628713000339374
0.0
14.27875528533859
14.27875528533859
0.0
15.7851258703449
39.42064208182268
39.04831933437518
38.66781301764712
38.27875528533859
38.27875528533859
38.27875528533859
38.27875528533859
38.27875528533859
37.8807529181162
37.8807529181162
37.8807529181162
37.8807529181162
37.8807529181162
37.8807529181162
37.8807529181162
37.8807529181162
37.8807529181162
37.8807529181162
37.8807529181162
37.8807529181162
37.8807529181162
37.8807529181162
37.8807529181162
37.47338493503615
37.47338493503615
37.47338493503615
37.47338493503615
37.47338493503615
37.47338493503615
37.47338493503615
37.47338493503615
37.47338493503615
37.47338493503615
37.47338493503615
37.47338493503615
37.47338493503615
37.47338493503615
37.47338493503615
37.47338493503615
37.47338493503615
37.47338493503615
37.47338493503615
37.47338493503615
37.47338493503615
37.47338493503615
37.47338493503615
37.47338493503615
37.8807529181162
37.8807529181162
37.8807529181162
37.8807529181162
37.8807529181162
37.8807529181162
37.8807529181162
37.8807529181162
37.8807529181162
37.8807529181162
37.8807529181162
37.8807529181162
37.8807529181162
37.47338493503615
37.47338493503615
37.47338493503615
37.8807529181162
37.8807529181162
37.8807529181162
37.8807529181162
37.8807529181162
37.8807529181162
37.8807529181162
37.8807529181162
37.8807529181162
37.8807529181162
37.8807529181162
37.8807529181162
37.8807529181162
37.8807529181162
37.8807529181162
37.8807529181162
37.47338493503615
37.47338493503615
37.47338493503615
37.47338493503615
37.47338493503615
37.47338493503615
37.8807529181162
37.8807529181162
0.0
12.628713000339374
12.628713000339374
0.0
0.0
0.0
0.0
15.7851258703449
15.7851258703449
40.49185013898772
15.7851258703449
15.7851258703449
15.7851258703449
17.17085247938413
17.17085247938413
0.0
31.648263008993247
31.061347803221892
14.27875528533859
17.17085247938413
0.0
14.27875528533859
14.27875528533859
17.17085247938413
17.17085247938413
17.17085247938413
0.0
0.0
0.0
0.0
0.0
0.0
0.0
0.0
0.0
0.0
0.0
0.0
14.27875528533859
42.76025603166793
42.76025603166793
42.76025603166793
42.76025603166793
42.76025603166793
42.76025603166793
42.76025603166793
42.76025603166793
42.76025603166793
42.76025603166793
42.76025603166793
42.76025603166793
42.76025603166793
42.76025603166793
42.76025603166793
42.76025603166793
42.76025603166793
42.76025603166793
42.76025603166793
42.76025603166793
42.76025603166793
42.76025603166793
42.45383492638228
41.17085247938414
40.49185013898772
40.49185013898772
40.834679965348975
41.50062131644942
41.82422588765265
41.82422588765265
41.82422588765265
41.50062131644942
41.50062131644942
41.50062131644942
41.50062131644942
41.50062131644942
41.50062131644942
41.50062131644942
41.50062131644942
41.50062131644942
41.50062131644942
41.17085247938414
40.834679965348975
40.834679965348975
41.17085247938414
41.17085247938414
41.50062131644942
41.50062131644942
42.141892423986945
42.45383492638228
42.45383492638228
42.45383492638228
42.76025603166793
42.76025603166793
42.76025603166793
42.76025603166793
42.76025603166793
42.76025603166793
42.76025603166793
42.45383492638228
42.141892423986945
41.82422588765265
41.82422588765265
41.82422588765265
41.82422588765265
41.82422588765265
41.82422588765265
41.82422588765265
41.82422588765265
41.50062131644942
41.50062131644942
41.50062131644942
41.50062131644942
41.50062131644942
41.50062131644942
41.82422588765265
41.82422588765265
41.82422588765265
41.82422588765265
41.82422588765265
41.82422588765265
41.50062131644942
41.17085247938414
41.50062131644942
41.82422588765265
41.82422588765265
42.141892423986945
42.76025603166793
43.06134780322189
43.35729245403312
43.35729245403312
43.35729245403312
43.648263008993254
43.648263008993254
43.93442391244566
43.93442391244566
43.93442391244566
43.93442391244566
43.93442391244566
43.93442391244566
43.648263008993254
43.06134780322189
43.06134780322189
43.648263008993254
43.648263008993254
14.27875528533859
18.45383492638227
30.453834926382278
43.93442391244566
44.76557586169103
44.76557586169103
44.76557586169103
44.49293494369003
44.49293494369003
44.49293494369003
44.49293494369003
44.49293494369003
44.49293494369003
44.49293494369003
44.49293494369003
44.215931586333525
44.215931586333525
43.93442391244566
43.648263008993254
43.06134780322189
42.76025603166793
43.35729245403312
43.93442391244566
25.47338493503615
43.93442391244566
15.7851258703449
0.0
0.0
0.0
0.0
0.0
0.0
35.740706023014056
35.740706023014056
35.279016249238424
35.279016249238424
35.279016249238424
35.279016249238424
35.279016249238424
35.279016249238424
35.279016249238424
35.279016249238424
35.279016249238424
35.279016249238424
35.279016249238424
35.279016249238424
35.740706023014056
35.740706023014056
35.740706023014056
35.740706023014056
35.740706023014056
35.740706023014056
35.740706023014056
35.740706023014056
35.740706023014056
35.279016249238424
35.279016249238424
35.279016249238424
35.279016249238424
35.279016249238424
35.279016249238424
35.279016249238424
35.279016249238424
35.279016249238424
35.279016249238424
35.279016249238424
35.279016249238424
35.279016249238424
35.279016249238424
35.279016249238424
35.279016249238424
35.279016249238424
35.279016249238424
35.279016249238424
35.279016249238424
35.279016249238424
35.279016249238424
35.279016249238424
35.279016249238424
35.279016249238424
35.279016249238424
35.279016249238424
35.279016249238424
35.279016249238424
35.279016249238424
35.279016249238424
35.279016249238424
35.279016249238424
35.279016249238424
35.279016249238424
35.279016249238424
35.279016249238424
35.279016249238424
35.279016249238424
35.279016249238424
35.279016249238424
35.740706023014056
35.740706023014056
35.740706023014056
36.190402488038
36.190402488038
36.190402488038
35.740706023014056
35.740706023014056
35.740706023014056
0.0
0.0
0.0
0.0
0.0
0.0
0.0
0.0
0.0
0.0
0.0
12.628713000339374
14.27875528533859
14.27875528533859
26.27875528533859
18.45383492638227
23.74070602301405
14.27875528533859
0.0
0.0
12.628713000339374
18.45383492638227
14.27875528533859
14.27875528533859
14.27875528533859
14.27875528533859
14.27875528533859
0.0
53.336522073684506
0.0
0.0
0.0
0.0
0.0
0.0
0.0
12.628713000339374
0.0
0.0
14.27875528533859
14.27875528533859
0.0
0.0
0.0
0.0
0.0
0.0
0.0
12.628713000339374
41.17085247938414
40.834679965348975
40.834679965348975
41.17085247938414
41.17085247938414
41.17085247938414
41.17085247938414
41.17085247938414
41.17085247938414
40.834679965348975
40.834679965348975
40.834679965348975
40.834679965348975
40.834679965348975
40.834679965348975
40.834679965348975
40.834679965348975
40.49185013898772
40.49185013898772
40.14209399107353
39.04831933437518
38.66781301764712
39.42064208182268
39.7851258703449
58.316972065030626
0.0
0.0
0.0
0.0
0.0
39.04831933437518
39.42064208182268
39.42064208182268
39.42064208182268
39.42064208182268
39.42064208182268
39.42064208182268
39.42064208182268
39.42064208182268
39.42064208182268
39.42064208182268
39.42064208182268
39.42064208182268
39.04831933437518
39.04831933437518
39.04831933437518
39.42064208182268
39.42064208182268
39.7851258703449
39.7851258703449
40.14209399107353
40.49185013898772
40.49185013898772
40.834679965348975
40.834679965348975
40.834679965348975
41.17085247938414
41.17085247938414
41.17085247938414
41.17085247938414
41.17085247938414
41.17085247938414
41.17085247938414
40.834679965348975
40.49185013898772
39.7851258703449
38.66781301764712
26.27875528533859
40.49185013898772
41.50062131644942
40.834679965348975
40.14209399107353
40.14209399107353
39.7851258703449
39.7851258703449
39.7851258703449
39.7851258703449
39.7851258703449
39.7851258703449
39.7851258703449
40.14209399107353
40.14209399107353
39.7851258703449
39.7851258703449
39.7851258703449
39.7851258703449
39.7851258703449
40.14209399107353
40.49185013898772
40.834679965348975
41.17085247938414
41.50062131644942
41.82422588765265
42.141892423986945
42.141892423986945
42.141892423986945
42.45383492638228
42.45383492638228
42.76025603166793
42.76025603166793
42.76025603166793
42.76025603166793
42.45383492638228
41.82422588765265
42.141892423986945
42.76025603166793
43.06134780322189
43.06134780322189
43.06134780322189
43.35729245403312
43.35729245403312
43.648263008993254
43.648263008993254
43.648263008993254
43.648263008993254
43.648263008993254
43.93442391244566
43.93442391244566
43.93442391244566
43.93442391244566
43.93442391244566
43.93442391244566
43.648263008993254
43.35729245403312
43.06134780322189
43.06134780322189
43.648263008993254
43.648263008993254
42.45383492638228
42.45383492638228
42.45383492638228
42.45383492638228
14.27875528533859
0.0
0.0
37.05619991710803
36.628713000339374
36.190402488038
35.740706023014056
35.279016249238424
34.80467587899877
34.80467587899877
34.316972065030626
34.316972065030626
34.80467587899877
34.80467587899877
34.80467587899877
34.80467587899877
35.279016249238424
35.279016249238424
35.279016249238424
35.740706023014056
35.740706023014056
35.740706023014056
35.740706023014056
35.740706023014056
35.740706023014056
35.740706023014056
35.740706023014056
35.740706023014056
35.279016249238424
35.279016249238424
35.279016249238424
34.80467587899877
0.0
35.740706023014056
35.279016249238424
35.279016249238424
22.80467587899878
14.27875528533859
0.0
34.316972065030626
34.80467587899877
34.316972065030626
33.8151299566951
33.29830529399247
33.29830529399247
33.29830529399247
33.29830529399247
33.29830529399247
33.29830529399247
33.29830529399247
33.8151299566951
33.8151299566951
33.8151299566951
33.8151299566951
34.316972065030626
34.316972065030626
34.316972065030626
34.316972065030626
34.316972065030626
34.316972065030626
34.316972065030626
34.316972065030626
33.8151299566951
33.29830529399247
33.8151299566951
14.27875528533859
0.0
14.27875528533859
0.0
0.0
14.27875528533859
14.27875528533859
25.47338493503615
0.0
33.29830529399247
32.765575861691026
32.215931586333525
32.215931586333525
32.215931586333525
31.648263008993247
32.215931586333525
32.215931586333525
31.648263008993247
32.215931586333525
32.215931586333525
32.765575861691026
32.765575861691026
32.765575861691026
32.765575861691026
32.765575861691026
32.765575861691026
32.765575861691026
32.765575861691026
32.765575861691026
32.765575861691026
32.765575861691026
32.765575861691026
32.765575861691026
32.765575861691026
32.765575861691026
32.765575861691026
32.765575861691026
32.765575861691026
32.765575861691026
32.765575861691026
32.765575861691026
32.765575861691026
32.765575861691026
32.765575861691026
32.765575861691026
32.765575861691026
32.765575861691026
32.765575861691026
32.765575861691026
32.765575861691026
32.765575861691026
32.765575861691026
32.765575861691026
32.765575861691026
32.765575861691026
32.765575861691026
32.765575861691026
32.765575861691026
32.765575861691026
32.765575861691026
32.765575861691026
32.765575861691026
32.765575861691026
32.765575861691026
32.765575861691026
32.765575861691026
32.765575861691026
32.765575861691026
32.765575861691026
32.765575861691026
32.765575861691026
32.765575861691026
32.765575861691026
32.765575861691026
32.765575861691026
32.765575861691026
32.765575861691026
32.765575861691026
32.765575861691026
32.765575861691026
32.765575861691026
32.765575861691026
32.765575861691026
32.765575861691026
32.765575861691026
32.765575861691026
32.765575861691026
32.765575861691026
32.765575861691026
32.215931586333525
32.215931586333525
32.215931586333525
32.215931586333525
32.215931586333525
32.215931586333525
32.215931586333525
32.765575861691026
32.215931586333525
32.215931586333525
32.215931586333525
32.215931586333525
32.215931586333525
32.765575861691026
32.765575861691026
32.765575861691026
32.765575861691026
32.765575861691026
32.765575861691026
32.765575861691026
32.765575861691026
32.765575861691026
33.29830529399247
33.29830529399247
33.29830529399247
33.29830529399247
32.765575861691026
32.765575861691026
32.765575861691026
32.765575861691026
32.765575861691026
32.765575861691026
32.765575861691026
32.215931586333525
32.765575861691026
32.765575861691026
32.215931586333525
32.215931586333525
32.215931586333525
32.215931586333525
32.765575861691026
32.215931586333525
32.765575861691026
32.765575861691026
32.765575861691026
32.215931586333525
32.215931586333525
31.648263008993247
31.648263008993247
31.648263008993247
31.061347803221892
30.453834926382278
31.061347803221892
31.061347803221892
31.061347803221892
30.453834926382278
30.453834926382278
31.061347803221892
31.061347803221892
31.061347803221892
31.061347803221892
31.061347803221892
31.061347803221892
31.061347803221892
31.648263008993247
31.648263008993247
31.648263008993247
31.648263008993247
31.648263008993247
31.648263008993247
31.648263008993247
31.648263008993247
31.648263008993247
31.648263008993247
31.648263008993247
31.648263008993247
31.648263008993247
31.648263008993247
31.648263008993247
31.648263008993247
32.215931586333525
32.215931586333525
32.215931586333525
32.765575861691026
32.765575861691026
32.765575861691026
32.765575861691026
32.215931586333525
32.215931586333525
32.215931586333525
31.648263008993247
30.453834926382278
29.17085247938413
29.824225887652652
31.061347803221892
0.0
0.0
17.17085247938413
0.0
0.0
0.0
0.0
0.0
0.0
0.0
0.0
0.0
0.0
0.0
0.0
0.0
0.0
0.0
0.0
0.0
0.0
0.0
0.0
0.0
0.0
0.0
31.648263008993247
31.648263008993247
31.648263008993247
31.648263008993247
31.648263008993247
31.648263008993247
31.648263008993247
31.061347803221892
31.648263008993247
31.648263008993247
31.648263008993247
32.215931586333525
32.215931586333525
32.215931586333525
32.215931586333525
32.215931586333525
32.215931586333525
32.215931586333525
32.215931586333525
32.215931586333525
32.215931586333525
32.215931586333525
32.215931586333525
32.215931586333525
32.215931586333525
32.215931586333525
32.215931586333525
32.215931586333525
32.215931586333525
32.215931586333525
32.215931586333525
32.215931586333525
32.215931586333525
32.215931586333525
32.215931586333525
32.215931586333525
32.215931586333525
32.215931586333525
32.765575861691026
32.765575861691026
32.765575861691026
32.765575861691026
32.765575861691026
32.765575861691026
32.765575861691026
32.765575861691026
32.765575861691026
32.765575861691026
32.765575861691026
32.765575861691026
32.765575861691026
32.765575861691026
32.765575861691026
32.765575861691026
32.765575861691026
32.215931586333525
32.215931586333525
32.215931586333525
32.215931586333525
32.765575861691026
32.765575861691026
32.765575861691026
32.215931586333525
32.215931586333525
32.215931586333525
32.215931586333525
32.215931586333525
32.215931586333525
32.215931586333525
32.215931586333525
32.215931586333525
32.215931586333525
32.215931586333525
32.215931586333525
32.215931586333525
32.215931586333525
32.215931586333525
32.215931586333525
32.215931586333525
32.215931586333525
32.215931586333525
32.215931586333525
32.215931586333525
32.215931586333525
32.765575861691026
32.765575861691026
32.765575861691026
32.765575861691026
32.765575861691026
32.765575861691026
32.765575861691026
32.765575861691026
32.765575861691026
32.765575861691026
32.215931586333525
32.215931586333525
32.215931586333525
32.215931586333525
32.215931586333525
32.215931586333525
32.215931586333525
32.215931586333525
32.215931586333525
32.215931586333525
32.215931586333525
32.215931586333525
32.215931586333525
32.765575861691026
32.765575861691026
32.765575861691026
32.765575861691026
32.765575861691026
32.765575861691026
32.765575861691026
32.765575861691026
32.765575861691026
32.765575861691026
32.765575861691026
32.765575861691026
32.215931586333525
32.215931586333525
32.215931586333525
32.215931586333525
32.215931586333525
32.765575861691026
32.765575861691026
32.215931586333525
32.215931586333525
31.648263008993247
31.061347803221892
29.824225887652652
29.824225887652652
29.824225887652652
29.824225887652652
29.17085247938413
29.17085247938413
29.824225887652652
29.824225887652652
30.453834926382278
30.453834926382278
30.453834926382278
30.453834926382278
30.453834926382278
30.453834926382278
30.453834926382278
30.453834926382278
30.453834926382278
30.453834926382278
30.453834926382278
30.453834926382278
29.824225887652652
29.824225887652652
29.824225887652652
30.453834926382278
30.453834926382278
30.453834926382278
30.453834926382278
31.061347803221892
31.061347803221892
30.453834926382278
31.061347803221892
31.061347803221892
31.061347803221892
30.453834926382278
30.453834926382278
30.453834926382278
30.453834926382278
31.061347803221892
31.061347803221892
30.453834926382278
30.453834926382278
31.061347803221892
31.061347803221892
30.453834926382278
30.453834926382278
30.453834926382278
30.453834926382278
30.453834926382278
29.824225887652652
29.824225887652652
29.824225887652652
29.17085247938413
29.824225887652652
29.824225887652652
29.824225887652652
29.824225887652652
29.824225887652652
29.824225887652652
29.824225887652652
29.824225887652652
29.824225887652652
29.824225887652652
29.824225887652652
29.824225887652652
29.824225887652652
29.824225887652652
29.824225887652652
29.824225887652652
29.17085247938413
29.824225887652652
29.824225887652652
29.824225887652652
29.824225887652652
29.17085247938413
29.17085247938413
29.17085247938413
29.17085247938413
0.0
0.0
0.0
0.0
0.0
0.0
0.0
0.0
0.0
0.0
0.0
0.0
0.0
0.0
0.0
0.0
0.0
0.0
